U0 U1 U10 U100 U104 U105 U106 U107 U109 U11 U110 U114 U12 U120 U123 U125 U128 U132 U133 U135 U136 U138 U14 U140 U142 U143 U144 U145 U16 U161 U162 U17 U174 U176 U199 U20 U200 U203 U204 U207 U209 U21 U213 U215 U216 U218 U220 U228 U24 U259 U26 U28 U283 U286 U29 U293 U3 U31 U318 U319 U32 U321 U36 U365 U37 U39 U4 U42 U44 U55 U58 U66 U7 U70 U71 U72 U73 U74 U75 U8 U87 U89 U9 U92
U0 0 0.622786072195521 0.1389909594634 0.656575750788263 0.732022185009679 0.475817254944749 0.754086432265274 0.131875499258245 0.677511921925252 0.348273203137743 0.475193814140842 0.620280184905074 0.59970836978711 0.387908408000724 0.587035341512543 0.521949462199578 0.368203974503187 0.485664291963505 0.207921737055595 0.331817956717674 0.595197152080128 0.275931758530184 0.182560513269175 0.48631421072366 0.550756754208119 0.690123734533183 0.648771791612691 0.210892005846208 0.481166205575654 0.471270483081507 0.231943909109263 0.522684664416948 0.550951568316318 0.285208098987627 0.270997375328084 0.640321110488804 0.498551479773049 0.764062438693983 0.624353342591106 0.529905352739998 0.78580683743646 0.227396422073008 0.405380577427822 0.460828760041358 0.56871192987669 0.452965879265092 0.478420144006063 0.412044164870453 0.290298618333086 0.663701185749758 0.571883700903253 0.35978076269878 0.240367012946911 0.477858845625948 0.227749940348366 0.715907133229968 0.680021807329344 0.254978910383806 0.299970054078811 0.645669291338583 0.311477892186554 0.50101500984252 0.585799395108724 0.505957120528473 0.231390193872825 0.121704614509393 0.292814960629921 0.296212973378328 0.537263891162943 0.473354596498223 0.697287839020122 0.180140999816883 0.661658315437843 0.541500694766095 0.679211708705903 0.701441865221393 0.667670448221645 0.67869282733101 0.167917963742904 0.460476350030714 0.593374966060277 0.837452049263073 0.149757946923301 0.631179045018423
U1 0.622786072195521 0 0.673821548821549 0.170951149506948 0.514923311982135 0.197209141897364 0.445584201277271 0.713777526821005 0.275855130784708 0.748955658277692 0.89512987012987 0.161934878407051 0.420382395382395 0.574895506792058 0.0800135910601027 0.16013496307614 0.31017316017316 0.320743145743146 0.810714285714286 0.534525851506984 0.172270736925909 0.578116883116883 0.784030784030784 0.247619047619048 0.233416284314488 0.126103896103896 0.15914248206667 0.656619401007156 0.557683982683983 0.249809874809875 0.815134865134865 0.36596035543404 0.203715865883166 0.374025974025974 0.750565175565176 0.186633972721839 0.526744714765958 0.335144890514678 0.0876972522521429 0.250974025974026 0.261691051564469 0.550292805354155 0.351551226551227 0.223833573833574 0.202301315037164 0.399978354978355 0.154227145403616 0.427644562141769 0.412823654333088 0.246011913887125 0.067410017642975 0.648128342245989 0.81766615737204 0.65072679613964 0.551461038961039 0.139086814086814 0.163717242233333 0.503617069831127 0.51594613440251 0.0477579507107066 0.891033966033966 0.244795048701299 0.243328029586308 0.44828177440537 0.713349885408709 0.654276757725034 0.498588911088911 0.52034632034632 0.148279650406304 0.251131568853088 0.293016297428062 0.667962851102386 0.199220779220779 0.356054239877769 0.188027368112114 0.250649350649351 0.0625899434032024 0.352781917536016 0.761398872445384 0.590764023210832 0.202765338110166 0.726323676323676 0.662640692640693 0.21683453126446
U10 0.1389909594634 0.673821548821549 0 0.701693816354648 0.849840791017262 0.527397143101531 0.864026402640264 0.109983896940419 0.748193792383933 0.335091023226616 0.461487194135009 0.672079260589135 0.659259259259259 0.405747126436782 0.641688199827735 0.601960784313725 0.466666666666667 0.497354497354497 0.161952861952862 0.310412299091544 0.655683269476373 0.263333333333333 0.142592592592593 0.551322751322751 0.59529829230428 0.745185185185185 0.71054189826753 0.187733506100853 0.536436436436436 0.574274274274274 0.218596218596219 0.610582010582011 0.623320659062104 0.369047619047619 0.237037037037037 0.702990856965752 0.537098231197366 0.849683830171635 0.691293837319646 0.607070707070707 0.873042662916081 0.249715973642354 0.471296296296296 0.492929292929293 0.63088749126485 0.448888888888889 0.532461873638344 0.468942685702462 0.342278127183788 0.724177128224346 0.618284198862914 0.390631808278867 0.214130096483038 0.482373428474346 0.221338383838384 0.773287573287573 0.740355481714242 0.301005798130399 0.289634601043997 0.690128317293672 0.303062678062678 0.557957175925926 0.639189354917832 0.54769038701623 0.186928104575163 0.125488049625981 0.275534188034188 0.226455026455026 0.585269201148218 0.53089545241444 0.805882352941176 0.126916451335056 0.732255892255892 0.612854030501089 0.723038292529818 0.76017316017316 0.713988246657966 0.795355191256831 0.145564168819983 0.445941686367218 0.651851851851852 0.940455840455841 0.133333333333333 0.676576933227765
U100 0.656575750788263 0.170951149506948 0.701693816354648 0 0.676069586225333 0.190826810052506 0.581334719905251 0.751974122348016 0.21968132647086 0.73740145961338 0.927024913794558 0.24510408605023 0.378166788232434 0.5305465429211 0.229596458195512 0.220849244146966 0.348129623840784 0.260546698621097 0.803560771832107 0.530894678171834 0.204314327154439 0.550853391684902 0.805737904206176 0.198382306970928 0.156579619753928 0.252135042200688 0.220870014659364 0.64931005224847 0.511670313639679 0.382863169515248 0.850912763385411 0.314802323094388 0.145801266317778 0.412222569552985 0.763311451495259 0.212259933042186 0.47722169430794 0.472126050405701 0.113273194768821 0.239584024047919 0.302283282091054 0.538749647608436 0.336725018234865 0.223916775339095 0.164278931505718 0.391101385849745 0.180343790589639 0.363201838563378 0.406052598984352 0.15854554042236 0.136222222460703 0.604595185995624 0.855745361601971 0.617742858290005 0.571140839466879 0.124475835635573 0.318305465148508 0.472899378499871 0.503230875420381 0.216466513895829 0.924739101161421 0.235896471553611 0.205660295332358 0.428134143043297 0.706507548314731 0.69514180077826 0.478055041238849 0.523538605814317 0.153545147319785 0.206626411470884 0.415676263211338 0.68941784133123 0.348919832902327 0.237379328098854 0.321687744934416 0.181187302850323 0.166587744515273 0.489026198419246 0.786694485437552 0.609281158340705 0.14200558364144 0.834219828311732 0.687015155198963 0.0847661346070885
U104 0.732022185009679 0.514923311982135 0.849840791017262 0.676069586225333 0 0.624162686925898 0.405806191478876 0.816225654141255 0.724288604932764 0.8793448713688 0.906931568356035 0.51929778954808 0.753544494720965 0.863889322307172 0.458970851310113 0.575414781297134 0.501314371902607 0.751957193133664 0.882311805841218 0.822726884658072 0.545725628889929 0.816877828054299 0.854575163398693 0.697586726998492 0.726528842766955 0.445442792501616 0.559881825543325 0.828568790153424 0.873364314540785 0.366821572703926 0.891402714932127 0.774027829755384 0.613904994580459 0.65972850678733 0.859100050276521 0.550445862284405 0.837848882756357 0.30540672360453 0.597151360724117 0.556698203757027 0.530614582736697 0.800988257502151 0.736475615887381 0.637277754924814 0.578701727425368 0.753544494720965 0.537090360619772 0.853358274981673 0.773670280884487 0.720914439196356 0.54535871767502 0.875113122171946 0.878474466709761 0.870822782182739 0.835741464417935 0.631306160717925 0.363466723278824 0.781446518150145 0.739226821342889 0.480395125948623 0.900452488687783 0.583003393665158 0.681748374336999 0.746428389852051 0.861667744020685 0.773577335443461 0.84841628959276 0.744020685197156 0.542832459434261 0.712354659487943 0.461538461538462 0.788040618751973 0.333783079665433 0.792760180995475 0.429966510724237 0.723241464417935 0.515511903163998 0.381536977968993 0.875898838963134 0.769856551458554 0.659291621157747 0.385067873303167 0.755025976202447 0.714241570920347
U105 0.475817254944749 0.197209141897364 0.527397143101531 0.190826810052506 0.624162686925898 0 0.577984588297167 0.570137564012451 0.274879647399408 0.605785415117235 0.744129852704572 0.300902641584536 0.28011290736464 0.432613947068036 0.189397926848918 0.241467795740313 0.177719124601342 0.151904395322409 0.656623976485408 0.382787921042311 0.282560413403768 0.427390300230947 0.628025831836455 0.125137468382272 0.144639128210093 0.307152754866381 0.332081130365287 0.507349228044897 0.406653766930903 0.335133054532593 0.674930150680728 0.231606730451996 0.205446131420192 0.258693500494886 0.593276879651014 0.182956957556666 0.375222170059112 0.495005841811379 0.16972587421407 0.146954533790561 0.40495610060319 0.404497088369062 0.203239671542212 0.168116888671161 0.115037692274173 0.252055427251732 0.164762692815946 0.256531668107397 0.224192775284326 0.208218281801931 0.165177423611402 0.507607662002445 0.67745065693714 0.509865563489205 0.402005038841067 0.269378583466343 0.358485665102747 0.359959860989161 0.369646759768743 0.229282973577494 0.754863208385148 0.0889686778290993 0.147744826636893 0.298401536186003 0.55691191026064 0.535227932058385 0.33532821104992 0.35691191026064 0.105999816639526 0.110610888609544 0.455886126583043 0.519778183575917 0.373460004199034 0.206371416927048 0.367009825028379 0.308395069134099 0.235500071495601 0.500217695831598 0.604615357072524 0.431219596088644 0.178752886836028 0.726043702256173 0.506830895560688 0.165495932372609
U106 0.754086432265274 0.445584201277271 0.864026402640264 0.581334719905251 0.405806191478876 0.577984588297167 0 0.812293729372937 0.676965671919305 0.9208293710727 0.96185531149516 0.409276475223824 0.733113311331133 0.86246728121088 0.430777496354287 0.500873616773442 0.456294200848656 0.714269998428414 0.929012901290129 0.84202005106171 0.430105079473465 0.824224422442244 0.903557022368903 0.616159830268741 0.650817177526136 0.356115040075436 0.450979290812011 0.832943644218649 0.857773615199358 0.321960574435822 0.947194719471947 0.72421151889625 0.500872140445984 0.61030174446016 0.866519985331866 0.513636300868581 0.82694142949431 0.205786353615692 0.503297552496974 0.509400940094009 0.439319881355224 0.801393022737857 0.701320132013201 0.514518118478514 0.513606077588891 0.741056105610561 0.440179312048852 0.828880653428471 0.74973535089358 0.66569827303135 0.464386703506054 0.881479324403029 0.921984635438334 0.886248372543676 0.789191419141914 0.561973571874562 0.293818416406599 0.780006115627537 0.732817241455689 0.421136404979081 0.96039603960396 0.530566728547855 0.620524883614189 0.727537360477621 0.883878303796766 0.769903591344356 0.83791888804265 0.758510136727959 0.499366760872685 0.675084597067302 0.285187342263638 0.830915649704505 0.261926192619262 0.771287128712871 0.286849023885439 0.686168616861686 0.432589625675687 0.23118541362333 0.909586307467956 0.786531844673829 0.636804370092182 0.744960649911145 0.776824349101577 0.620977477795285
U107 0.131875499258245 0.713777526821005 0.109983896940419 0.751974122348016 0.816225654141255 0.570137564012451 0.812293729372937 0 0.748430802204532 0.393064767051503 0.545671733541969 0.714386074467255 0.7085346215781 0.473200899550225 0.649342770475227 0.593066211992043 0.448033126293996 0.578140096618357 0.144861660079051 0.370959803117309 0.669269531900716 0.320289855072464 0.120571658615137 0.580227743271222 0.638896120801875 0.764347826086957 0.718419960983923 0.246672582076309 0.585340775558167 0.522865256560909 0.168478260869565 0.594638770840144 0.639754504876839 0.34860248447205 0.29609500805153 0.737834273239949 0.597880549559168 0.812638969657579 0.733796277473756 0.656346069389548 0.83273711245643 0.318451587089891 0.518719806763285 0.557019470062948 0.655968006562756 0.528985507246377 0.588312795473921 0.526080884138936 0.399815422477441 0.770804311166508 0.663432628952811 0.447314578005115 0.137833394227256 0.564918228958915 0.26951581027668 0.790477589390633 0.750661313345928 0.36088345603556 0.363437408812372 0.725522081478946 0.202341137123746 0.614639945652174 0.665059026778002 0.609916951636541 0.256713554987212 0.0884825444420647 0.355142140468227 0.277846790890269 0.619801512287335 0.586406164006604 0.76062091503268 0.190091001011122 0.731982872200263 0.652749360613811 0.748280520756571 0.766346696781479 0.743647698846177 0.742486338797814 0.126600943714189 0.49745605920444 0.679160419790105 0.890886287625418 0.191940418679549 0.716784570897449
U109 0.677511921925252 0.275855130784708 0.748193792383933 0.21968132647086 0.724288604932764 0.274879647399408 0.676965671919305 0.748430802204532 0 0.842555568817803 0.940140845070423 0.384019331428427 0.517168753260303 0.631860126274891 0.276498526039961 0.333724569640063 0.354468477531858 0.38589593114241 0.873559539052497 0.632856098857295 0.357276320759808 0.695880281690141 0.847157016171101 0.327171361502347 0.295922240026988 0.382107645875252 0.40973503475728 0.733741736131072 0.648220403502094 0.435104999365563 0.892605633802817 0.301433601609658 0.292527981577679 0.414034205231388 0.807902973395931 0.300017679297543 0.625854655865959 0.579742716725214 0.228270031635483 0.331581661687296 0.422899209603613 0.662889916184222 0.462128325508607 0.290946436192915 0.30544113739038 0.490715962441315 0.260508460746655 0.41896490675899 0.480534148285942 0.247087499703109 0.253288428461894 0.752071251035626 0.858666706119067 0.767387582374984 0.631161971830986 0.183406746787028 0.427057087350193 0.622277595284165 0.608416438226675 0.298373904846401 0.935807150595883 0.314755721830986 0.356881354351273 0.565130954264915 0.779441354006391 0.721258585998751 0.599200975081257 0.595288397048961 0.225596727814905 0.352476674392346 0.54513025867624 0.758700458565346 0.458628894579599 0.258616404308202 0.439424683695393 0.377931223705872 0.30455100201047 0.593256946047872 0.81948766240856 0.652326191189691 0.166124332200097 0.819054712892741 0.719229264475743 0.175935064066107
U11 0.348273203137743 0.748955658277692 0.335091023226616 0.73740145961338 0.8793448713688 0.605785415117235 0.9208293710727 0.393064767051503 0.842555568817803 0 0.527086691937897 0.749544404886279 0.612303829252982 0.340216897201117 0.739736346516008 0.696687714633876 0.516491794457896 0.513317191283293 0.302550933059408 0.232228262800696 0.747775829599325 0.221977401129943 0.364720652856246 0.653080441216034 0.655282655028925 0.796846919558784 0.808987198052853 0.161404028923918 0.565557082506235 0.61388507151219 0.516211660279457 0.687920365886468 0.718989208967942 0.44561474307237 0.193188951663528 0.686330362700833 0.494338311919276 0.940292724414396 0.749579907701205 0.564629344290361 0.962823905218241 0.210645500444814 0.437005649717514 0.565456828168693 0.661159080410759 0.400376647834275 0.625406608457456 0.500026302223064 0.412376079309242 0.715511793269246 0.712370082820037 0.340844134263875 0.503220497238443 0.318669120060816 0.223763054271529 0.854012608249896 0.837782789410029 0.32480761478433 0.278940583172184 0.7752383706274 0.549489352455454 0.53240495527307 0.739384954041481 0.459309337903891 0.199575875547959 0.383758685628937 0.284504925394756 0.26333064299166 0.648621034606745 0.554375551264631 0.862523540489642 0.236970612709675 0.826242081835302 0.666101694915254 0.80225988700565 0.857497493090713 0.796433393208566 0.84937173906332 0.427714273201069 0.20319950314541 0.744444444444444 0.979125018108069 0.23112366603892 0.727724322414125
U110 0.475193814140842 0.89512987012987 0.461487194135009 0.927024913794558 0.906931568356035 0.744129852704572 0.96185531149516 0.545671733541969 0.940140845070423 0.527086691937897 0 0.894075403949731 0.884794820527468 0.639009544071152 0.843940933819573 0.784313725490196 0.623846248010772 0.743497776145591 0.477985510633326 0.517951205316001 0.864590412591476 0.49222793487575 0.526302008949824 0.761904761904762 0.821205917214414 0.963143591626882 0.914388860237236 0.419915009705682 0.75616619189884 0.655086963570254 0.666097398745214 0.776813499043238 0.821292775665399 0.542857142857143 0.415190897838713 0.924385023286831 0.761217658876804 0.991345397324941 0.906455485453487 0.832606268338916 1 0.478827258820004 0.687974864324479 0.715786831468065 0.855071057864869 0.704798628963153 0.756654706752998 0.682555183754362 0.547493169067598 0.945378169475067 0.842332863909548 0.605927718130954 0.636171177982761 0.73843777269404 0.414349146996962 0.984555984555984 0.951240654458771 0.52388774362049 0.536679836441745 0.916720644495273 0.695817678465493 0.788329450514139 0.841887417218543 0.776522919615262 0.426087144369316 0.519140906961136 0.5134590666403 0.447153874403232 0.8083933890884 0.752969314373109 0.892156862745098 0.438662043402882 0.929090909090909 0.826145471041887 0.949660871712198 0.963636363636364 0.93811961122794 0.912568306010929 0.574320958131564 0.650809495159438 0.869905150252637 0.992307692307692 0.356302008949824 0.901628208024718
U114 0.620280184905074 0.161934878407051 0.672079260589135 0.24510408605023 0.51929778954808 0.300902641584536 0.409276475223824 0.714386074467255 0.384019331428427 0.749544404886279 0.894075403949731 0 0.471440920273954 0.63407210218948 0.151993653709657 0.151811173302355 0.310934427631017 0.418318087258841 0.796556226538273 0.614816571254361 0.0816085075355799 0.600969479353681 0.78296429283862 0.298634265196204 0.321858975048109 0.189402410874583 0.101654316621035 0.646445190027794 0.607412619082278 0.329119963769874 0.812896259933962 0.443528030129183 0.153101555726973 0.374634521672224 0.746209854378616 0.273015682238732 0.593620708894875 0.274550213504683 0.169638908913503 0.243920352537947 0.230340355581816 0.575982200878942 0.409799521244764 0.198907084005827 0.248230073506995 0.475822860562537 0.169010839197765 0.519412655587094 0.513295620067071 0.343913581854127 0.144708700977263 0.674780863871581 0.821960381998401 0.67516429759689 0.550361106577444 0.240653066505849 0.27974558379225 0.554373325838443 0.513687901389274 0.187746504756923 0.889846015743682 0.227467179084381 0.29154975210149 0.480846428499385 0.698580329797987 0.65457986574807 0.546730423974589 0.529999145079935 0.224474212039246 0.358498284207895 0.205712207085108 0.669731952736838 0.294567216147108 0.448188826697645 0.204546146121778 0.343794446128378 0.10771063520731 0.286617908192797 0.760497126076851 0.589088582451583 0.303770197486535 0.844096119320536 0.658205997739211 0.280683761412726
U12 0.59970836978711 0.420382395382395 0.659259259259259 0.378166788232434 0.753544494720965 0.28011290736464 0.733113311331133 0.7085346215781 0.517168753260303 0.612303829252982 0.884794820527468 0.471440920273954 0 0.316602809706258 0.430146425495263 0.405010893246187 0.329100529100529 0.178835978835979 0.678114478114478 0.469881201956674 0.450319284802043 0.487037037037037 0.755555555555556 0.23531746031746 0.239787092481703 0.474603174603175 0.512226615475713 0.558103876471223 0.191691691691692 0.477977977977978 0.814037814037814 0.447619047619048 0.425151387128573 0.368783068783069 0.698148148148148 0.272121493878816 0.1895117196786 0.660162601626016 0.356072286986818 0.301346801346801 0.680450070323488 0.483980913428766 0.22962962962963 0.303030303030303 0.262473794549266 0.260740740740741 0.335828877005348 0.231491827022553 0.357651991614256 0.284167135094622 0.394626995804043 0.319825708061002 0.816682228446934 0.360941216445804 0.50993265993266 0.339110539110539 0.541694256831325 0.370015382794936 0.414466815809098 0.450699912510936 0.877065527065527 0.267534722222222 0.240844984056905 0.172326258843113 0.6525988173047 0.647619047619048 0.42514245014245 0.452910052910053 0.320268851081706 0.182372245663385 0.626361655773421 0.647889750215332 0.551043771043771 0.403921568627451 0.537350910232266 0.538239538239538 0.460738381224147 0.654189435336976 0.747631352282515 0.566509062253743 0.396168582375479 0.856125356125356 0.641481481481481 0.370599102665611
U120 0.387908408000724 0.574895506792058 0.405747126436782 0.5305465429211 0.863889322307172 0.432613947068036 0.86246728121088 0.473200899550225 0.631860126274891 0.340216897201117 0.639009544071152 0.63407210218948 0.316602809706258 0 0.585191125367549 0.570655848546315 0.452873563218391 0.338423645320197 0.417241379310345 0.183994795055303 0.616858237547893 0.219080459770115 0.478927203065134 0.375205254515599 0.406015555096703 0.639540229885057 0.676483315845945 0.275828558024195 0.253650201926064 0.598633115874495 0.573064866168314 0.605090311986864 0.584852060661684 0.361001642036125 0.398148148148148 0.43663732987063 0.201189406952907 0.822354558362046 0.51526691301815 0.444792755137583 0.830641641204714 0.211762217050984 0.248563218390805 0.46360153256705 0.400780741704619 0.208045977011494 0.496281271129141 0.274674115456238 0.222728258512253 0.437731387257467 0.547270749127643 0.129614604462475 0.565343378730803 0.160102288305389 0.240987460815047 0.549993343096791 0.70629064057201 0.178362895229701 0.176695209442259 0.60632183908046 0.639588859416446 0.419764727011494 0.453233234376189 0.194433682035387 0.384043272481406 0.430213464696223 0.143567639257294 0.248275862068966 0.474317189231471 0.350720209515495 0.793666892044174 0.393344025661588 0.715621734587252 0.567275185936444 0.699006428988895 0.695670995670996 0.614900194736396 0.786555492745431 0.499866345896819 0.278796771826853 0.517241379310345 0.957824933687003 0.37463601532567 0.521978322002894
U123 0.587035341512543 0.0800135910601027 0.641688199827735 0.229596458195512 0.458970851310113 0.189397926848918 0.430777496354287 0.649342770475227 0.276498526039961 0.739736346516008 0.843940933819573 0.151993653709657 0.430146425495263 0.585191125367549 0 0.148730810153519 0.261351052048726 0.307087486157254 0.777801268498943 0.536024572180781 0.149639133921411 0.578139534883721 0.753789836347976 0.255287929125138 0.284194401893887 0.146910299003322 0.179411588327716 0.633751440775646 0.563125916614289 0.20990990990991 0.781395348837209 0.359713236579822 0.202617384384119 0.309302325581395 0.712144702842377 0.180733677143135 0.539501563452481 0.339809342579547 0.151425054692699 0.233944092083627 0.265979786085762 0.540647738621772 0.354198966408269 0.213640278756558 0.19426649115109 0.409612403100775 0.121941715375368 0.405534623879434 0.395729120959485 0.271893015412369 0.105484904821105 0.641997264021888 0.759624780144616 0.645690206955409 0.527801268498943 0.183083415641555 0.198336890539679 0.508611338138049 0.497455907601061 0.0844167734847098 0.836896243291592 0.211646075581395 0.24902202371785 0.444499608048079 0.680398671096345 0.626761370145492 0.509704830053667 0.495238095238095 0.142629797335912 0.262054754194878 0.304742362061104 0.659302325581395 0.22461592670895 0.354582763337893 0.215530153724872 0.273150105708245 0.103645093037145 0.351270809505655 0.724031007751938 0.551979218208807 0.214434643143544 0.744186046511628 0.62473729543497 0.268071590344142
U125 0.521949462199578 0.16013496307614 0.601960784313725 0.220849244146966 0.575414781297134 0.241467795740313 0.500873616773442 0.593066211992043 0.333724569640063 0.696687714633876 0.784313725490196 0.151811173302355 0.405010893246187 0.570655848546315 0.148730810153519 0 0.253501400560224 0.377777777777778 0.719251336898396 0.558749537550869 0.0986026594545865 0.55202614379085 0.693355119825708 0.231792717086835 0.25505851043012 0.206013071895425 0.136263891838324 0.581832733093237 0.537184243066596 0.32688570923865 0.741830065359477 0.385891198584697 0.10522130271627 0.26624649859944 0.654139433551198 0.218926901304455 0.53358641895617 0.340460653183382 0.14884102135337 0.18270944741533 0.279142880781004 0.522635229961105 0.351797385620915 0.144880174291939 0.188432605746701 0.416993464052288 0.131610219845514 0.471756672873991 0.448822296214083 0.324526887764662 0.137341449576397 0.627450980392157 0.703081232492997 0.628357918090784 0.492090017825312 0.206185176773412 0.284294604178219 0.493923447973439 0.463569767951923 0.181256754670372 0.774698340874811 0.17593443627451 0.264164827078734 0.419989718733935 0.643323996265173 0.567709842557713 0.50267094017094 0.475910364145658 0.155917565513918 0.303880201869777 0.274509803921569 0.606285149718802 0.304670231729055 0.437908496732026 0.258834607289243 0.329411764705882 0.166512473992185 0.365021965070181 0.675710594315245 0.500417188151856 0.274239350912779 0.839819004524887 0.570893246187364 0.225975346591527
U128 0.368203974503187 0.31017316017316 0.466666666666667 0.348129623840784 0.501314371902607 0.177719124601342 0.456294200848656 0.448033126293996 0.354468477531858 0.516491794457896 0.623846248010772 0.310934427631017 0.329100529100529 0.452873563218391 0.261351052048726 0.253501400560224 0 0.306349206349206 0.535930735930736 0.446540880503145 0.273563218390805 0.423333333333333 0.507407407407407 0.279761904761905 0.309096093527231 0.365714285714286 0.326181880694516 0.440038872691934 0.447747747747748 0.321750321750322 0.556576756576757 0.335839598997494 0.293499909469491 0.266666666666667 0.47037037037037 0.33213787607093 0.431465761177136 0.432752613240418 0.329895713662312 0.254689754689755 0.452923447860157 0.410633946830266 0.314285714285714 0.313612313612314 0.248876909254268 0.314285714285714 0.18130888719124 0.404575685022612 0.344654088050314 0.367461655825905 0.257852822345221 0.486274509803922 0.549579831932773 0.495489296636086 0.386958874458874 0.395624195624196 0.359538514723259 0.386368477103301 0.342058165548098 0.323228346456693 0.618406593406593 0.212983630952381 0.294859665720593 0.308614232209738 0.491316526610644 0.412807881773399 0.3996336996337 0.352380952380952 0.21649113331533 0.267028330319469 0.355555555555556 0.428682170542636 0.341125541125541 0.363305322128851 0.354802259887006 0.378354978354978 0.345450925741589 0.382943013270882 0.504097452934662 0.37710233029382 0.277504105090312 0.85018315018315 0.386666666666667 0.316225540097274
U132 0.485664291963505 0.320743145743146 0.497354497354497 0.260546698621097 0.751957193133664 0.151904395322409 0.714269998428414 0.578140096618357 0.38589593114241 0.513317191283293 0.743497776145591 0.418318087258841 0.178835978835979 0.338423645320197 0.307087486157254 0.377777777777778 0.306349206349206 0 0.567243867243867 0.299281221922731 0.417624521072797 0.323015873015873 0.6005291005291 0.182539682539683 0.159642619522859 0.428888888888889 0.445487364620939 0.413637836086816 0.308193908193908 0.467395967395967 0.679442779442779 0.274603174603175 0.350666908081357 0.284126984126984 0.528835978835979 0.219007770472206 0.289724310776942 0.640132129431893 0.277689017131695 0.286002886002886 0.507434197307615 0.313925406563443 0.113095238095238 0.262481962481962 0.246361185983827 0.153968253968254 0.303675409557763 0.179772989270196 0.224049116501947 0.247228244867368 0.303910257907315 0.400653594771242 0.667040149393091 0.39829255861366 0.361075036075036 0.354954954954955 0.482187789696729 0.26094122420001 0.27644614892937 0.339182602174728 0.764438339438339 0.234933035714286 0.254533270261747 0.191136079900125 0.484407096171802 0.540613026819923 0.251159951159951 0.347619047619048 0.244912533381342 0.103335342575849 0.592063492063492 0.482927279438907 0.50989898989899 0.235480859010271 0.48861985472155 0.407359307359307 0.342993973752485 0.640307051782462 0.611701734957549 0.392434988179669 0.29047619047619 0.836141636141636 0.474285714285714 0.25547072352298
U133 0.207921737055595 0.810714285714286 0.161952861952862 0.803560771832107 0.882311805841218 0.656623976485408 0.929012901290129 0.144861660079051 0.873559539052497 0.302550933059408 0.477985510633326 0.796556226538273 0.678114478114478 0.417241379310345 0.777801268498943 0.719251336898396 0.535930735930736 0.567243867243867 0 0.28885077186964 0.79362591431557 0.264545454545454 0.167171717171717 0.67478354978355 0.717909635274905 0.85974025974026 0.842632097144733 0.167479459316194 0.643488943488943 0.617035217035217 0.244755244755245 0.696103896103896 0.753024541997926 0.475974025974026 0.203367003367003 0.760529986052999 0.576450747066507 0.947550246763465 0.796325892174031 0.615151515151515 0.968507863444572 0.277189068600111 0.481818181818182 0.621212121212121 0.737907375643225 0.462424242424242 0.667557932263815 0.552310817673946 0.451400800457404 0.788701517706577 0.756899549690133 0.412299465240642 0.228189457601222 0.492514595496247 0.272727272727273 0.915935415935416 0.87858922960234 0.406505954109788 0.353020134228188 0.821438797423049 0.287237762237762 0.575639204545454 0.780704394942806 0.546680286006129 0.18051948051948 0.171294223018361 0.339685314685315 0.306926406926407 0.67099157930916 0.621365554276947 0.870707070707071 0.172198731501057 0.861818181818182 0.689839572192513 0.832203389830508 0.894805194805195 0.848632653430583 0.860283159463487 0.148484848484848 0.413152804642166 0.782131661442006 0.983216783216783 0.163434343434343 0.786536385229972
U135 0.331817956717674 0.534525851506984 0.310412299091544 0.530894678171834 0.822726884658072 0.382787921042311 0.84202005106171 0.370959803117309 0.632856098857295 0.232228262800696 0.517951205316001 0.614816571254361 0.469881201956674 0.183994795055303 0.536024572180781 0.558749537550869 0.446540880503145 0.299281221922731 0.28885077186964 0 0.591541964866623 0.0766037735849057 0.34622641509434 0.429088050314465 0.435295446842165 0.628517520215633 0.651405606858233 0.141272897299081 0.372819989801122 0.558201597824239 0.49652988520913 0.536927223719677 0.548475500394576 0.360242587601078 0.250489168413697 0.509428699244757 0.312667347450615 0.797244778290753 0.524126736558324 0.434686487516676 0.765146087094977 0.16951035999537 0.27437106918239 0.43805349088368 0.451572327044025 0.235471698113208 0.458359398647967 0.276715505428481 0.192452830188679 0.528938241751249 0.499062618560708 0.16015538290788 0.477406056762328 0.266089665916566 0.131582332761578 0.637298754279886 0.681602904707679 0.14467418168666 0.133848296821578 0.567062843559649 0.518831640058055 0.405660377358491 0.514338373110084 0.35062539749841 0.211542730299667 0.363249372618273 0.0787373004354136 0.165858041329739 0.43136569533117 0.352806305230475 0.774941423110125 0.239425186485301 0.696266437964551 0.499112097669256 0.670248374373734 0.642979661847586 0.576780770718844 0.769764924218992 0.405675003656574 0.162043356081895 0.535849056603774 0.916835994194485 0.229657582110412 0.517055079998207
U136 0.595197152080128 0.172270736925909 0.655683269476373 0.204314327154439 0.545725628889929 0.282560413403768 0.430105079473465 0.669269531900716 0.357276320759808 0.747775829599325 0.864590412591476 0.0816085075355799 0.450319284802043 0.616858237547893 0.149639133921411 0.0986026594545865 0.273563218390805 0.417624521072797 0.79362591431557 0.591541964866623 0 0.601609195402299 0.766602809706258 0.277709359605911 0.269782274531397 0.206360153256705 0.0739133613526743 0.644828703238274 0.579786683234959 0.349280314797556 0.793103448275862 0.429464465762106 0.138805122153752 0.334537493158183 0.728607918263091 0.247887910995688 0.570855206239552 0.287036785829482 0.143200577256413 0.241727621037966 0.236771909403948 0.573020238347084 0.396647509578544 0.193196331127366 0.23328272970433 0.453486590038314 0.155899768475833 0.502579250412038 0.487023783705632 0.325269911418658 0.151791032716436 0.670385395537525 0.780385717505393 0.676104608246336 0.535963079066527 0.225521087590053 0.296343900141525 0.532407917447027 0.516508524261359 0.194074878571213 0.86394783377542 0.222341954022989 0.272553982390703 0.472620431357355 0.693132425383947 0.640394088669951 0.529877689360448 0.504871373836891 0.201536912703069 0.329889907366992 0.250169033130494 0.670743116813686 0.312117729014281 0.401645255803471 0.207675823105396 0.307369259093397 0.123744186702853 0.304283650524464 0.734473848347144 0.567803864025434 0.298084291187739 0.861567933981727 0.641941251596424 0.235607156833302
U138 0.275931758530184 0.578116883116883 0.263333333333333 0.550853391684902 0.816877828054299 0.427390300230947 0.824224422442244 0.320289855072464 0.695880281690141 0.221977401129943 0.49222793487575 0.600969479353681 0.487037037037037 0.219080459770115 0.578139534883721 0.55202614379085 0.423333333333333 0.323015873015873 0.264545454545454 0.0766037735849057 0.601609195402299 0 0.323333333333333 0.434285714285714 0.465169660678643 0.628571428571429 0.652387828777721 0.111749271137026 0.39954954954955 0.551621621621622 0.436293706293706 0.567619047619048 0.569049429657795 0.329047619047619 0.230740740740741 0.529483960948396 0.34661614697641 0.797369525308156 0.551901377719594 0.42020202020202 0.819113924050633 0.133026584867076 0.297777777777778 0.419191919191919 0.482452830188679 0.273333333333333 0.461711229946524 0.317206703910615 0.219559748427673 0.554665542439573 0.560068661108386 0.198627450980392 0.417478991596639 0.277232415902141 0.0845454545454545 0.667528957528958 0.685099144002601 0.152566560170394 0.109731543624161 0.611338582677165 0.476794871794872 0.38640625 0.538686534216336 0.378801498127341 0.19733893557423 0.316206896551724 0.103653846153846 0.124285714285714 0.470283553875236 0.368649789029536 0.749084967320262 0.207054263565891 0.679393939393939 0.529803921568628 0.659491525423729 0.708311688311688 0.620517618952817 0.743934426229508 0.343410852713178 0.223049645390071 0.578620689655172 0.912307692307692 0.198148148148148 0.545653206650831
U14 0.182560513269175 0.784030784030784 0.142592592592593 0.805737904206176 0.854575163398693 0.628025831836455 0.903557022368903 0.120571658615137 0.847157016171101 0.364720652856246 0.526302008949824 0.78296429283862 0.755555555555556 0.478927203065134 0.753789836347976 0.693355119825708 0.507407407407407 0.6005291005291 0.167171717171717 0.34622641509434 0.766602809706258 0.323333333333333 0 0.651455026455026 0.709248170326015 0.851746031746032 0.819661719481214 0.237069430946982 0.632132132132132 0.589089089089089 0.166407666407666 0.677248677248677 0.724405013378397 0.456613756613757 0.259259259259259 0.794669146133581 0.614756304608886 0.922414546726112 0.786955648373266 0.675084175084175 0.944444444444444 0.329811406498523 0.562962962962963 0.589225589225589 0.719776380153739 0.528518518518518 0.639285006932066 0.532122905027933 0.422781271837876 0.819811379676472 0.728280021070605 0.452505446623094 0.148926237161531 0.586009174311927 0.255681818181818 0.888102388102388 0.849752992780406 0.394982842267187 0.370805369127517 0.798337707786527 0.197649572649573 0.633101851851852 0.755549423595781 0.643986683312526 0.253345782757547 0.145046524356869 0.375356125356125 0.318518518518518 0.679829167541833 0.624003750586029 0.851851851851852 0.156546080964686 0.832895622895623 0.693028322440087 0.826741996233522 0.867652717652718 0.819810353853754 0.83682452944748 0.132428940568475 0.487391646966115 0.762771392081737 0.955270655270655 0.175925925925926 0.773093164423331
U140 0.48631421072366 0.247619047619048 0.551322751322751 0.198382306970928 0.697586726998492 0.125137468382272 0.616159830268741 0.580227743271222 0.327171361502347 0.653080441216034 0.761904761904762 0.298634265196204 0.23531746031746 0.375205254515599 0.255287929125138 0.231792717086835 0.279761904761905 0.182539682539683 0.67478354978355 0.429088050314465 0.277709359605911 0.434285714285714 0.651455026455026 0 0.0746720844026233 0.298571428571429 0.340059308922125 0.53935860058309 0.356338481338481 0.410875160875161 0.683483183483183 0.267857142857143 0.247895165670831 0.248809523809524 0.62037037037037 0.20155907551305 0.335978370394909 0.488268517477801 0.183083304389644 0.151875901875902 0.485608800482218 0.444529652351738 0.222619047619048 0.158068783068783 0.146114106019766 0.300952380952381 0.214190221543163 0.262536578877361 0.242924528301887 0.202581707219144 0.214411242672645 0.454831932773109 0.690826330532213 0.507645259938838 0.435876623376623 0.251447876447876 0.369044394223178 0.359653126426289 0.405560882070949 0.283698912635921 0.758241758241758 0.133184523809524 0.110059918006938 0.312399678972713 0.579831932773109 0.527093596059113 0.391025641025641 0.40952380952381 0.163662345845711 0.102471368294153 0.450396825396825 0.568936877076412 0.386168831168831 0.230042016806723 0.35956416464891 0.354220779220779 0.287078249575761 0.51951600312256 0.630121816168328 0.45871327254306 0.205049261083744 0.821611721611722 0.533544973544974 0.188878520529352
U142 0.550756754208119 0.233416284314488 0.59529829230428 0.156579619753928 0.726528842766955 0.144639128210093 0.650817177526136 0.638896120801875 0.295922240026988 0.655282655028925 0.821205917214414 0.321858975048109 0.239787092481703 0.406015555096703 0.284194401893887 0.25505851043012 0.309096093527231 0.159642619522859 0.717909635274905 0.435295446842165 0.269782274531397 0.465169660678643 0.709248170326015 0.0746720844026233 0 0.311240376390077 0.322256981652991 0.562385433215202 0.382748017478556 0.407266547985111 0.738411289309493 0.217279726261762 0.210377723640172 0.301881950384944 0.657518296739854 0.238251530411979 0.356620809480463 0.502197807375022 0.183196352759228 0.173017601161314 0.446651001793881 0.460159435729767 0.247022621423819 0.176898727796931 0.186043008322977 0.301836327345309 0.243096694311911 0.260763389422273 0.298045418596769 0.13620987367592 0.198383027960753 0.468650933427263 0.749459065063151 0.503357962973136 0.468086554164398 0.208185944712891 0.387872645650297 0.368311300721241 0.422999638307278 0.263685227969258 0.816731920773837 0.158893151197605 0.113722885355118 0.31561595909305 0.615206561666583 0.587475295713991 0.379404652233994 0.420074137439407 0.187417226039415 0.117701306248263 0.460862588548393 0.582509399805041 0.418481219379423 0.211799929552659 0.392672282553537 0.311439458744848 0.238712700023008 0.534545662772815 0.6766002877965 0.506529494203083 0.177782366301879 0.852970981114694 0.581840762918607 0.155503719402051
U143 0.690123734533183 0.126103896103896 0.745185185185185 0.252135042200688 0.445442792501616 0.307152754866381 0.356115040075436 0.764347826086957 0.382107645875252 0.796846919558784 0.963143591626882 0.189402410874583 0.474603174603175 0.639540229885057 0.146910299003322 0.206013071895425 0.365714285714286 0.428888888888889 0.85974025974026 0.628517520215633 0.206360153256705 0.628571428571429 0.851746031746032 0.298571428571429 0.311240376390077 0 0.19017019082001 0.703440233236152 0.605199485199485 0.314208494208494 0.89006993006993 0.453233082706767 0.256371537208039 0.428571428571429 0.821111111111111 0.284921299063558 0.601941162899381 0.226118916488704 0.17731758796655 0.30011544011544 0.208704038577456 0.597966695880806 0.42031746031746 0.267349687349687 0.259730458221024 0.48952380952381 0.229162210338681 0.524469273743017 0.525031446540881 0.370797398217297 0.171102080851958 0.700336134453782 0.864873949579832 0.703689384010485 0.613409090909091 0.254182754182754 0.124030462981595 0.56630762209037 0.563796740172579 0.115871766029246 0.956098901098901 0.296808035714286 0.306419110690634 0.499582664526485 0.763361344537815 0.709556650246305 0.553598901098901 0.585714285714286 0.222878746961923 0.351549125979506 0.173688141923436 0.72734219269103 0.121645021645022 0.473781512605042 0.118240516545601 0.369350649350649 0.107487272830693 0.252357533177205 0.828217054263566 0.662127659574468 0.320591133004926 0.731648351648352 0.728888888888889 0.292483881913811
