U1 U10 U100 U105 U106 U11 U110 U115 U12 U122 U124 U125 U127 U129 U13 U130 U132 U134 U138 U14 U140 U15 U152 U155 U16 U160 U163 U164 U17 U179 U18 U182 U19 U198 U2 U20 U22 U23 U24 U25 U26 U27 U29 U3 U30 U31 U32 U33 U35 U36 U37 U4 U41 U43 U46 U5 U50 U53 U54 U55 U56 U58 U6 U60 U69 U7 U72 U74 U76 U78 U79 U8 U85 U87 U89 U9 U91 U95 U96 U98
U1 0 0.367255364562209 0.780013745433278 0.486837785848432 0.566724857717652 0.775184576929931 0.836540612391973 0.905050937494427 0.778597595566711 0.923527140333517 0.963320179548718 0.867844334018649 0.850284243336684 0.971183245958213 0.179467705216963 0.901616012556231 0.974625000472955 0.529437320037551 0.892580017382076 0.639830659290895 0.448871170348188 0.278458610017017 0.818429555870619 0.741106761792913 0.166945054594237 0.624788310999958 0.917717318271664 0.69139947065365 0.203034216931342 0.925158978755206 0.917754683382855 0.47551172953367 0.763044573227067 0.326649041363388 0.561353146374737 0.943847928708076 0.837003293184695 0.887320430027829 0.868646168229373 0.368414556934314 0.98341521316232 0.926149815032246 0.908310912134766 0.958014779787081 0.943698931118393 0.483555046386472 0.585779166153689 0.405393200249608 0.963101727083047 0.941608924713164 0.983545005245421 0.31151160484219 0.968389372595508 0.855436132807218 0.830605843902496 0.809994812711744 0.624149992891911 0.425089665395446 0.571462956246497 0.872903595885427 0.670524319765767 0.724899659168384 0.67223949756288 0.779423977146986 0.659515934628969 0.776681792586614 0.974698222212318 0.953076468368569 0.91647491059803 0.717674505157915 0.714602811805377 0.717847778757673 0.98575620693066 0.870598698639404 0.563906324385265 0.224076735667585 0.423969462639792 0.563225479698325 0.135358093236048 0.852379687078761
U10 0.367255364562209 0 0.798641175245955 0.624783904351153 0.582486023446798 0.876411811838913 0.850335072857817 0.921503027569316 0.79645824714526 0.943077408547537 0.980329219586961 0.874847690675518 0.864567961916962 0.982682079670032 0.400607353671348 0.888543499457745 0.99017514453027 0.510281884031118 0.907943265563658 0.606695326972974 0.464110815280199 0.179279009995004 0.833718658417454 0.760867502676465 0.228116396791096 0.569980919991962 0.910676262095361 0.710340132026879 0.168991882910589 0.939712905676761 0.906133781213046 0.493251340465525 0.726835547350416 0.599570840534696 0.580370170217609 0.96007399350132 0.811351106791561 0.867736301471241 0.889005972726154 0.328782141430113 0.998371865841745 0.942640005739863 0.925818290434651 0.975817525585471 0.959001787101588 0.49773940066539 0.598723184331673 0.378752246222126 0.980828006192623 0.960236354525841 0.994475138121547 0.531664998652758 0.982269886640135 0.872175004299006 0.849236493783046 0.825173535618179 0.589893041264601 0.355535732337792 0.586628229930852 0.84075681191179 0.671037947967226 0.739037807353624 0.5262129599479 0.793517073586101 0.622695373181188 0.79553490670139 0.995189913681964 0.966343380942956 0.932602060161626 0.701617279930533 0.729001677285378 0.729387833177725 0.999023119505047 0.875597450379337 0.424219363502813 0.200256705297594 0.374489957413832 0.527710309559016 0.352461659426103 0.861085530823306
U100 0.780013745433278 0.798641175245955 0 0.696159728528414 0.404600436040418 0.943329035427028 0.849262773024901 0.472244370734197 0.816644993498049 0.925785871218523 0.961323261837966 0.788273400317293 0.501390334220805 0.981284153005465 0.827813751643524 0.779021444643431 0.938114754098361 0.415447743420791 0.862157659191516 0.246210230584157 0.477017036322726 0.790421676308924 0.36875 0.344070645123246 0.781267394466091 0.758346966712297 0.741596985366927 0.375545068168019 0.771765098162791 0.823087431693989 0.813029055802999 0.457973409374727 0.568875887921551 0.855286692230486 0.368271496242653 0.881792814788978 0.585757769214984 0.430209321230186 0.859093370817968 0.531076930085449 0.989754098360656 0.821813929795314 0.442499691852582 0.612265171263539 0.856218536207564 0.302401228747833 0.452505389281596 0.444414086217365 0.89326287029048 0.900946927165207 0.992425957793678 0.847863091185251 0.981513382570487 0.343686682630319 0.801704889221816 0.353829016676856 0.455725755892266 0.777735863532902 0.560342333654773 0.788200192235809 0.404871818311089 0.576380238178285 0.773685823708281 0.154808707266108 0.417423174099536 0.36043839513412 0.568949156831204 0.96527108111004 0.911254257639246 0.306148089626265 0.611583668419425 0.525431190835586 0.997950819672131 0.752072734124741 0.43572044866264 0.811995668054022 0.443699056690173 0.383196721311475 0.825439824070372 0.392469030487353
U105 0.486837785848432 0.624783904351153 0.696159728528414 0 0.540935628909949 0.658957644052806 0.813411078717201 0.697677848237683 0.76058036069713 0.878272369330648 0.835453106494492 0.72842800714756 0.723504358756811 0.983333333333333 0.315316192044074 0.739124221117018 0.822707068775988 0.494169096209913 0.798894377589951 0.592505401691866 0.257474418338764 0.481610868489666 0.608035714285714 0.551791220085156 0.468231792795353 0.661611633306217 0.713679143757215 0.70172080376162 0.580605011657898 0.77089407191448 0.771416959386884 0.569682978202718 0.694421027968531 0.24497271436047 0.601757210340371 0.793077352521556 0.676707201855509 0.736392549936149 0.759604000683952 0.439386030598935 0.865889212827988 0.723377971043139 0.702930796378702 0.742021257857559 0.800280067032437 0.502570898489266 0.65660969499202 0.417989417989418 0.827604726100967 0.779517286366601 0.994475138121547 0.238708445495953 0.907760813627219 0.697431781701445 0.749445346805556 0.596447886567392 0.671347654115468 0.577409568685954 0.508403361344538 0.71155069752424 0.59214261027477 0.697816512623286 0.676521923097266 0.625669002348452 0.638562337377347 0.667487414891852 0.766371692794302 0.955658453857734 0.871746264168704 0.653568598982909 0.568485615270367 0.572837394364292 0.988338192419825 0.703939211152441 0.688549277432199 0.526782881916645 0.613482743456521 0.574941451990632 0.537723103178554 0.701713652493965
U106 0.566724857717652 0.582486023446798 0.404600436040418 0.540935628909949 0 0.833113020489095 0.572092190913633 0.515529371958562 0.764193708240349 0.527628734147177 0.57530773737693 0.473042653246432 0.43217973235389 0.850341005967605 0.602444666564697 0.478504445256363 0.585153662320238 0.403017655109207 0.495427534967025 0.362164657389253 0.406649616368286 0.555495567473077 0.411524936061381 0.305185008003827 0.537868750052523 0.426115084305218 0.418802245146673 0.393181602900273 0.559845061034657 0.53501705029838 0.414118520189324 0.276681421255294 0.277756050368708 0.602579493335796 0.39447825700036 0.555052511291288 0.297064692721135 0.362674642260785 0.484218980513674 0.404267718789882 0.593350383631714 0.534295663733437 0.50010576312905 0.430351096876433 0.553980304891556 0.347976502854106 0.406649616368286 0.216718764800606 0.575806523982591 0.540838968106599 0.983630300546834 0.596339973689156 0.577248404430103 0.320583924825426 0.466194562183397 0.405167768998565 0.3964262161411 0.544834836871736 0.465473145780051 0.476932112598615 0.247625476568517 0.335811845552282 0.541147495812387 0.37660098604945 0.395896928196243 0.370509862885137 0.587485231377437 0.914464336459221 0.836007477664491 0.394601423597202 0.399749071080442 0.501814560662735 0.593350383631714 0.418349648705059 0.219552792072647 0.591823145117475 0.225778336595751 0.144354534401073 0.581891335537396 0.370450521345662
U11 0.775184576929931 0.876411811838913 0.943329035427028 0.658957644052806 0.833113020489095 0 0.880466472303207 0.941634241245136 0.695494416115097 0.981958762886598 0.995626025150355 0.991935483870968 0.98845836768343 1 0.646893052668865 0.99859943977591 0.991803278688525 0.825101341241124 0.982195845697329 0.877227986439011 0.69585811852831 0.829451661641386 0.85751404494382 0.899765580793792 0.807438128407399 0.90755699977879 0.977628635346756 0.949078803011387 0.85384719703857 0.973333333333333 0.995732574679943 0.840319687726586 0.954990130250549 0.547198654742796 0.858413367556817 0.991489361702128 0.945757997218359 1 0.989606533036377 0.828454309048981 1 0.977401129943503 0.969924812030075 0.993233446109231 0.984635347547849 0.79852827750099 0.89076727485139 0.813940907199334 0.99250936329588 0.988584474885845 0.997237569060774 0.581891445597157 0.998322710499832 0.949438202247191 0.977152899824253 0.8382316621388 0.905066603133815 0.837104944871952 0.862524785194977 0.973941368078176 0.853310685063745 0.945396901289801 0.935493443266261 0.876872043979192 0.878317425798397 0.912495801675266 1 0.980392156862745 0.976083707025411 0.906351999759337 0.832132004805314 0.82477203281765 1 0.959770114942529 0.920036695021911 0.774975257611923 0.859895800640261 0.88856142936084 0.759239974422216 0.965360042028912
U110 0.836540612391973 0.850335072857817 0.849262773024901 0.813411078717201 0.572092190913633 0.880466472303207 0 0.595722113192136 0.806912919356857 0.274214030236542 0.58541445165116 0.437376563528637 0.849663148736117 0.489795918367347 0.858007896184502 0.372177442405534 0.802131625483917 0.84767999209369 0.499796696974678 0.806644678968084 0.85131195335277 0.849843955701566 0.83256195335277 0.597667638483965 0.850216663100853 0.85131195335277 0.85131195335277 0.837843939884756 0.838795189830195 0.597667638483965 0.597667638483965 0.41511593200391 0.601278740872607 0.857217612319653 0.746183669058719 0.597667638483965 0.459197865516165 0.78932848227839 0.475173206412696 0.816761707234927 0.597667638483965 0.491920739240006 0.582630044499003 0.851070290713814 0.369321181791052 0.746673734428836 0.796266081793137 0.612385271568945 0.597667638483965 0.549722433004513 0.88121546961326 0.848117065173856 0.792893378178415 0.567284698791234 0.38143231181501 0.845384563873886 0.83881668640843 0.846631766145281 0.35131195335277 0.85131195335277 0.589436695194984 0.392655542460145 0.841685888932185 0.814518260842914 0.840559265180727 0.762991899106287 0.753186264267874 0.3667371710589 0.8101644245142 0.839263760581685 0.417349689201826 0.401855817273376 0.572563035973505 0.491345799403505 0.60603530018138 0.852611066632426 0.61667508184439 0.589016871385557 0.846433904572282 0.749152408216034
U115 0.905050937494427 0.921503027569316 0.472244370734197 0.697677848237683 0.515529371958562 0.941634241245136 0.595722113192136 0 0.763480795211326 0.621344618717157 0.508967073925706 0.476685075938245 0.319098225770752 0.911348897535668 0.931343792448439 0.451198378183958 0.469662562990368 0.71351551238447 0.58303409576372 0.586057127858432 0.728503852903029 0.925116697245191 0.372884241245136 0.391932368502086 0.923634403194668 0.919868924691133 0.915759190104371 0.748739011384926 0.902245398837033 0.420557717250324 0.490322187844203 0.43022256960374 0.289263620173778 0.927720324885417 0.41433036844305 0.439332726219058 0.288386918710055 0.750313535067691 0.442398296834874 0.667631062292337 0.535577172503243 0.382510057376509 0.124279570521635 0.908089210186315 0.471108183461503 0.479898644990363 0.383673056557075 0.574405533938608 0.551300430063486 0.455741520530178 0.992529612829718 0.920775785979786 0.596403029824426 0.478140165260351 0.516593381794807 0.408942785507879 0.713453812006712 0.908120215859218 0.439688715953307 0.923446431513707 0.26873000030537 0.360962946317694 0.908022968867274 0.493125469763827 0.713066398895444 0.261364178544628 0.334881316522164 0.887401134253961 0.838114265440608 0.397913313435324 0.413148814330813 0.510545552509742 0.824609673900656 0.588398407799991 0.577475753136208 0.92348440555634 0.59126578701389 0.479141417363016 0.900664325709405 0.488379667940208
U12 0.778597595566711 0.79645824714526 0.816644993498049 0.76058036069713 0.764193708240349 0.695494416115097 0.806912919356857 0.763480795211326 0 0.821214792272733 0.829471859600526 0.820546163849155 0.8206099505037 0.957325530992631 0.792627867173318 0.8204459937421 0.840958025112452 0.813528622751474 0.818879194915745 0.79487691339307 0.727109309263367 0.770926697856685 0.809094603381014 0.813546042229935 0.767836922818357 0.812571673742449 0.81570824714976 0.817945383615085 0.791205130873191 0.815912440398786 0.820424078859504 0.779439702847293 0.804803116873043 0.736851667745221 0.784179701716869 0.82184655396619 0.785441960821904 0.82184655396619 0.81293786799737 0.789718813222371 0.850455136540962 0.815344603381014 0.815344603381014 0.81822161438185 0.82184655396619 0.779723082045207 0.815344603381014 0.815344603381014 0.822508155955559 0.817945383615085 0.990573967770442 0.70512096120849 0.866527452365196 0.817945383615085 0.811758817627714 0.66057216522823 0.808314815535157 0.787263480136084 0.815344603381014 0.8081733966444 0.702642515183303 0.815767526610567 0.797781392914727 0.787749333998623 0.802799800513631 0.809185367352309 0.836744408107438 0.943811247949548 0.85285570723534 0.812743823146944 0.749306867531958 0.719952959478136 0.925877763328999 0.815344603381014 0.814234182535462 0.749282427215211 0.790204938576545 0.816644993498049 0.815344603381014 0.808895609859428
U122 0.923527140333517 0.943077408547537 0.925785871218523 0.878272369330648 0.527628734147177 0.981958762886598 0.274214030236542 0.621344618717157 0.821214792272733 0 0.674389700867467 0.302377785167941 0.891808883147347 0.543900343642612 0.963359524731275 0.31511522134627 0.851487240155484 0.924203090287312 0.265666585089786 0.873505060662162 0.929123711340206 0.932043815946389 0.897487113402062 0.595101238596751 0.932281139553528 0.931701030927835 0.931701030927835 0.914367038078378 0.915318288023817 0.605567010309278 0.66489896027335 0.479675940515314 0.646587072465112 0.959012391633894 0.799829218460003 0.65030160122834 0.476124844070373 0.865851580472012 0.250944251831102 0.854570726396909 0.442525773195876 0.562379870697187 0.639543446244477 0.931459368288879 0.368597288740969 0.799644721993765 0.846054415334657 0.674694539900725 0.375994754928558 0.533817022077861 0.861515350002848 0.951644379302394 0.833795740722168 0.623175605235723 0.161025854727955 0.917902282095872 0.914582495696335 0.924443524132718 0.426546391752577 0.931701030927835 0.645414691892675 0.394631498135556 0.919113100531685 0.888464039448908 0.917082363374349 0.820776746480998 0.817581468304936 0.607506232733643 0.767588568874917 0.913209539187679 0.483150165337483 0.401921124086624 0.365041193978346 0.2527995023107 0.67884719729538 0.953488061535174 0.687611587859241 0.636724691566672 0.930600955494091 0.793668656994915
U124 0.963320179548718 0.980329219586961 0.961323261837966 0.835453106494492 0.57530773737693 0.995626025150355 0.58541445165116 0.508967073925706 0.829471859600526 0.674389700867467 0 0.498496446145435 0.662763338842871 0.931392381993803 0.981909446857955 0.484263798466352 0.634871693750056 0.86095055846286 0.629910784541179 0.908120411899245 0.980863860032805 0.979241558090489 0.846258201202843 0.623511688189088 0.980862063493299 0.981957353745216 0.981957353745216 0.956748089607576 0.963230357379848 0.265189538910151 0.470405284856667 0.507184243079249 0.428139932768709 0.980504798125668 0.597685962171073 0.226820841524842 0.403116685208406 0.918333642102219 0.447097675290817 0.843928407633966 0.323100054674686 0.353927464917077 0.620783780117324 0.98171569110626 0.389339727831998 0.772605040823427 0.758697371435068 0.637512909300772 0.587556233393763 0.42901777801079 0.950649299650505 0.97756438249921 0.287704028190935 0.654228687623248 0.577783628534997 0.909685899399929 0.925291317117524 0.976183672825317 0.453526517222526 0.981957353745216 0.600695933544851 0.38956710611376 0.969369423349066 0.91780763850621 0.930958021991374 0.646082545027061 0.838189454115159 0.901238935523179 0.819799918437464 0.821565833225375 0.436159567554185 0.486795146324054 0.879548693641037 0.627058941824878 0.656558490476939 0.980662016957651 0.724974113521752 0.59615574218645 0.97220125618424 0.579242421618519
U125 0.867844334018649 0.874847690675518 0.788273400317293 0.72842800714756 0.473042653246432 0.991935483870968 0.437376563528637 0.476685075938245 0.820546163849155 0.302377785167941 0.498496446145435 0 0.606088609951334 0.451075268817204 0.929866376538502 0.25893421884883 0.610034373347435 0.753397641177849 0.36289126064899 0.730340812185727 0.794354838709677 0.859448695849828 0.721572580645161 0.528225806451613 0.844981097410168 0.842700873792786 0.840062784152414 0.780886825241664 0.848661441735043 0.52489247311828 0.561671178818887 0.407183719146672 0.474491636727385 0.948133471750983 0.561082914450246 0.532035003431709 0.299733052178204 0.732371367635297 0.353326987091985 0.677976411530433 0.528225806451613 0.298159285584108 0.498150618481688 0.809033895134006 0.316198882397765 0.628541504578371 0.652707901746079 0.513351254480287 0.502617430673458 0.480280600972161 0.859561575476742 0.938382459033289 0.574271461189685 0.475715839072128 0.275284880095243 0.760932607812363 0.772526291360799 0.846270947612098 0.348908918406072 0.857938425974572 0.473511345618313 0.221933522894401 0.84274939986385 0.744330465007842 0.774193548387097 0.550077742354728 0.663530959917488 0.48550495467004 0.785970876127103 0.722049488275683 0.299756542909312 0.43508956735972 0.498937103522743 0.386216166110493 0.528225806451613 0.892591509276283 0.550099116958011 0.462453728186145 0.918115656963021 0.536381550138666
U127 0.850284243336684 0.864567961916962 0.501390334220805 0.723504358756811 0.43217973235389 0.98845836768343 0.849663148736117 0.319098225770752 0.8206099505037 0.891808883147347 0.662763338842871 0.606088609951334 0 0.982508931025007 0.91442593201987 0.591177278825793 0.455775546335464 0.64978571528378 0.832673240683887 0.578051660039634 0.736603462489695 0.847796599667238 0.343425391591096 0.347218680125973 0.843657926316673 0.837277927677586 0.83676834295136 0.713781119799257 0.837605275290301 0.634550700741962 0.804813665142558 0.43495941788637 0.286008861471042 0.931741559582803 0.352907670683081 0.453933451439196 0.422032638993197 0.694644110292765 0.734569385970227 0.598105511059067 0.682179170101676 0.695013064680649 0.271962883300585 0.836043355034492 0.746973404911361 0.423004189309689 0.323864051773473 0.500174040487313 0.863886839935783 0.761766554864162 0.99365073581322 0.922720514448111 0.874991461448752 0.398566095760349 0.785697416824472 0.391659100992235 0.647278333015455 0.830356396448768 0.499175597691674 0.847153932291597 0.261067881919437 0.527226575322557 0.828324857850883 0.551331772638293 0.651230546026174 0.193016655144041 0.335330410810487 0.966495859129582 0.882583669440552 0.337743940863757 0.433137861842617 0.523087089483251 0.999175597691674 0.720439965507766 0.498257184593801 0.887589755199501 0.552992027707287 0.41659346154366 0.90759455492329 0.421293826681538
U129 0.971183245958213 0.982682079670032 0.981284153005465 0.983333333333333 0.850341005967605 1 0.489795918367347 0.911348897535668 0.957325530992631 0.543900343642612 0.931392381993803 0.451075268817204 0.982508931025007 0 0.983333333333333 0.595378151260504 0.940710382513661 0.980306698950767 0.678709198813056 0.939213005165603 0.983333333333333 0.98201213544725 0.983333333333333 0.954736211031175 0.982238043081417 0.983333333333333 0.983333333333333 0.97996632996633 0.975733869766056 0.965 0.983333333333333 0.597113051916545 0.896459147039097 0.982810047095761 0.977281896116994 0.979078014184397 0.650231803430691 0.937878787878788 0.732405345211581 0.983333333333333 0.955 0.700847457627119 0.923182957393484 0.983091670694377 0.75498687664042 0.958101422387137 0.983333333333333 0.790740740740741 0.89780701754386 0.894292237442922 0.986187845303867 0.980937167199148 0.982326959633233 0.848501872659176 0.449912126537786 0.982592409648473 0.979546888804746 0.983333333333333 0.483333333333333 0.983333333333333 0.818525402726146 0.563880445795339 0.974817968653585 0.954424003504161 0.97258064516129 0.956718652879019 0.903950753399485 0.78937908496732 0.838565022421525 0.973962516733601 0.558805031446541 0.501070663811563 0.874790794979079 0.745689655172414 0.887955465587045 0.983333333333333 0.754283054003724 0.819398907103825 0.983333333333333 0.965233785822021
U13 0.179467705216963 0.400607353671348 0.827813751643524 0.315316192044074 0.602444666564697 0.646893052668865 0.858007896184502 0.931343792448439 0.792627867173318 0.963359524731275 0.981909446857955 0.929866376538502 0.91442593201987 0.983333333333333 0 0.964253573473896 0.991803278688525 0.592811736325562 0.930917074902085 0.703591241591579 0.476751479451308 0.326666126291082 0.847441469633751 0.771767009202096 0.204320125361733 0.68342827359792 0.959790661277626 0.731857284013056 0.297762853381066 0.950452016689847 0.966640749526336 0.534245160976854 0.827954774928444 0.213872689334641 0.61730074198139 0.967431124789157 0.888966156699119 0.949244627332881 0.89254129869808 0.431354068835773 1 0.953120702796571 0.932119938232229 0.98553463685511 0.960629921259842 0.546305552186736 0.609579223607372 0.46755267089064 0.981992533489496 0.971570738151034 0.994475138121547 0.170100764136677 0.992552119224568 0.890531480989514 0.885216155680651 0.834340753676595 0.687389419406573 0.487327476409209 0.613185524557528 0.935425755701836 0.731678480886127 0.750013739109114 0.731784807460689 0.810164260601885 0.713052277904896 0.822490677761166 0.997331321473789 0.967320261437909 0.93423019431988 0.781058401431409 0.739256129669964 0.763857328214796 1 0.911750835291673 0.627998194373277 0.259185661336389 0.466599586120802 0.624379640818684 0.232142655223492 0.893850810892454
U130 0.901616012556231 0.888543499457745 0.779021444643431 0.739124221117018 0.478504445256363 0.99859943977591 0.372177442405534 0.451198378183958 0.8204459937421 0.31511522134627 0.484263798466352 0.25893421884883 0.591177278825793 0.595378151260504 0.964253573473896 0 0.561064425770308 0.720303375587523 0.254162199004231 0.77747102487303 0.865546218487395 0.891807750698635 0.637132352941177 0.487243818390666 0.890882092157783 0.884010223233896 0.881516364935236 0.835243188184365 0.8690898800289 0.49375350140056 0.547575217853856 0.443749260985326 0.430524322405018 0.967710160987472 0.554104001661179 0.495691042374397 0.235475274950036 0.796629395559877 0.1939666735291 0.677706572903079 0.370616246498599 0.291743816170536 0.413312693498452 0.878343507533511 0.279185690024041 0.596660482374768 0.571171587901216 0.540802987861811 0.317853457172343 0.438548021948505 0.851881083925283 0.958055906068498 0.568350721704314 0.477905769049193 0.277010628504477 0.693746009147052 0.767819357959011 0.874517669782422 0.359103641456583 0.889843885436911 0.385426537405545 0.243190893378628 0.874144548600632 0.761216444527877 0.787867835306165 0.533718386490043 0.630404973455755 0.705415499533147 0.773373026340581 0.629577132057642 0.253316420907986 0.378802056154368 0.425770308123249 0.163962136578769 0.545481350434911 0.93260257470864 0.616966339608469 0.445538871286219 0.945617271298763 0.533828916181857
U132 0.974625000472955 0.99017514453027 0.938114754098361 0.822707068775988 0.585153662320238 0.991803278688525 0.802131625483917 0.469662562990368 0.840958025112452 0.851487240155484 0.634871693750056 0.610034373347435 0.455775546335464 0.940710382513661 0.991803278688525 0.561064425770308 0 0.850762116460922 0.784336235832077 0.895176113693082 0.991803278688525 0.98996828162452 0.785348360655738 0.614105436961906 0.990707988436608 0.991803278688524 0.991803278688525 0.964867251752498 0.973922187941989 0.613333333333333 0.758134925261759 0.514365141861741 0.394454480014125 0.989710133738237 0.592710994270975 0.453470526682944 0.377997674365581 0.925687576209186 0.723311061618411 0.810390540092022 0.669672131147541 0.65668241178105 0.556082830025884 0.991561616049569 0.753349683748548 0.732205967334773 0.505755251416253 0.64735883424408 0.814322691975841 0.728886892731492 0.965999456570963 0.988608390509611 0.879537068097954 0.604162829250322 0.738165893572272 0.802724412828102 0.894113009850963 0.987123091481036 0.457377049180328 0.991803278688525 0.536089273501669 0.479695052070357 0.979215348292375 0.897593761444174 0.914742346788883 0.582227422078578 0.615838559835162 0.923057966355941 0.839145776666912 0.641282068163364 0.389699969068976 0.485257602883186 0.955737704918033 0.677002072734125 0.64969801553063 0.991803278688525 0.734820038465061 0.560655737704918 0.982047181127549 0.589088346561828
U134 0.529437320037551 0.510281884031118 0.415447743420791 0.494169096209913 0.403017655109207 0.825101341241124 0.84767999209369 0.71351551238447 0.813528622751474 0.924203090287312 0.86095055846286 0.753397641177849 0.64978571528378 0.980306698950767 0.592811736325562 0.720303375587523 0.850762116460922 0 0.836130650016885 0.248033487764341 0.272278402886578 0.481982017206496 0.588362590799032 0.351603462992318 0.470919778608159 0.349765512888161 0.417043133941098 0.315348806874231 0.492259013877328 0.79320419693301 0.810023799765102 0.449546107639513 0.456662708052904 0.620036541344047 0.313762807104944 0.817616300036062 0.514175930384884 0.372641226262182 0.828610705163119 0.22949121783405 0.890112994350283 0.759483454398709 0.671657958455461 0.507536012414321 0.854635755276353 0.234396717084368 0.395432096022984 0.293238274594207 0.864789091372499 0.811436531891605 0.99144850373898 0.611302787211164 0.979930601639276 0.36558342628615 0.792501606403486 0.584488024125767 0.185239192359633 0.453080084462458 0.502250391682097 0.416060682540559 0.474051204502972 0.552006594199165 0.447956231796492 0.49266607910453 0.170342020533382 0.471098643140155 0.772917662196903 0.963688300178829 0.903012881066389 0.357612856591823 0.538204120791265 0.523134634029999 0.99636803874092 0.732000222648966 0.291239833612715 0.5589488012646 0.236591502428071 0.324236891199936 0.591014586901317 0.356581354836589
U138 0.892580017382076 0.907943265563658 0.862157659191516 0.798894377589951 0.495427534967025 0.982195845697329 0.499796696974678 0.58303409576372 0.818879194915745 0.265666585089786 0.629910784541179 0.36289126064899 0.832673240683887 0.678709198813056 0.930917074902085 0.254162199004231 0.784336235832077 0.836130650016885 0 0.806587699390569 0.884272997032641 0.899067756150344 0.821012611275964 0.526812970988195 0.899886570831478 0.898003831579711 0.902077151335312 0.858935547362847 0.883433328602184 0.61419881305638 0.662333112434627 0.428765385706285 0.582961550064921 0.931252300052639 0.728092046490121 0.613788749289728 0.414309769173308 0.819322166907816 0.210312398802482 0.795797635301088 0.397774480712166 0.483377759895388 0.5653265210504 0.897901479090086 0.353840042991659 0.728075400648525 0.778600531765261 0.595274205956699 0.226170024467697 0.528156037017465 0.947612177648081 0.92342933798504 0.770840446467589 0.557796819257827 0.419894343243652 0.8328473235506 0.826888699878766 0.885069230662402 0.360638854948508 0.902077151335312 0.573680836694747 0.309367474497849 0.887267821457489 0.818527082512858 0.829009923103921 0.746497461639544 0.73943185052624 0.814181261030624 0.8101644245142 0.82771441850488 0.405800347125021 0.478229835831549 0.255726754652794 0.11952999761247 0.594485958104574 0.919927430390062 0.627289756809177 0.574500170258306 0.912643844539336 0.731756112625374
U14 0.639830659290895 0.606695326972974 0.246210230584157 0.592505401691866 0.362164657389253 0.877227986439011 0.806644678968084 0.586057127858432 0.79487691339307 0.873505060662162 0.908120411899245 0.730340812185727 0.578051660039634 0.939213005165603 0.703591241591579 0.77747102487303 0.895176113693082 0.248033487764341 0.806587699390569 0 0.389904731263517 0.567926472721472 0.540576572470374 0.296665857833332 0.577957208797068 0.538101506237155 0.533306822144592 0.253938964239785 0.595769011189537 0.84723032512914 0.766654434504552 0.401486034206475 0.520017698555535 0.723092187579751 0.315327871226299 0.880447642506643 0.546845930803823 0.306417954300609 0.804591045701343 0.308522467171104 0.935278030993619 0.793299651334662 0.549539756410169 0.467330427507156 0.887886074404783 0.181188026714788 0.432025624513895 0.297363179040481 0.834046602376497 0.85465674338066 0.951813333199031 0.714823538491558 0.927774048768912 0.317472575870863 0.756665005855561 0.455378495832614 0.289383078769437 0.532072579165701 0.505319320070781 0.548818067634859 0.454840413775394 0.540814822408725 0.529079779696031 0.247578331538529 0.257154899481479 0.474350060310785 0.740489799282196 0.922652987053223 0.856056400592457 0.331310535365406 0.598708312550524 0.493490845515347 0.955332725615315 0.72108886304341 0.257911221500916 0.668283968052295 0.306197705270341 0.360223859407923 0.692376103341708 0.333435077979021
U140 0.448871170348188 0.464110815280199 0.477017036322726 0.257474418338764 0.406649616368286 0.69585811852831 0.85131195335277 0.728503852903029 0.727109309263367 0.929123711340206 0.980863860032805 0.794354838709677 0.736603462489695 0.983333333333333 0.476751479451308 0.865546218487395 0.991803278688525 0.272278402886578 0.884272997032641 0.389904731263517 0 0.446334611354818 0.67328431372549 0.402877697841727 0.425627644266907 0.441316241364163 0.494143966311357 0.480095068330362 0.44015970268304 0.936666666666667 0.819345661450925 0.483745754488113 0.602674872766008 0.474636008249454 0.429349470499244 0.961702127659574 0.656467315716273 0.509803921568627 0.880475129918337 0.294569117841658 1 0.903954802259887 0.712369158189592 0.522574133568362 0.960629921259842 0.332096474953618 0.532110091743119 0.344444444444444 0.956140350877193 0.938356164383562 0.994475138121547 0.465835056067155 0.98389802079839 0.473342145847103 0.833040421792619 0.619228180281745 0.447409255258332 0.43827047199535 0.570588235294118 0.483745289646803 0.603469640644362 0.64741641337386 0.459822433230975 0.416492746901652 0.420303605313093 0.614623947561734 0.862658624640595 0.967320261437909 0.93423019431988 0.457831325301205 0.679245283018868 0.544610992148465 1 0.804597701149425 0.466241962371993 0.470029462562227 0.392430715302881 0.442622950819672 0.441415590626494 0.482654600301659
U15 0.278458610017017 0.179279009995004 0.790421676308924 0.481610868489666 0.555495567473077 0.829451661641386 0.849843955701566 0.925116697245191 0.770926697856685 0.932043815946389 0.979241558090489 0.859448695849828 0.847796599667238 0.98201213544725 0.326666126291082 0.891807750698635 0.98996828162452 0.481982017206496 0.899067756150344 0.567926472721472 0.446334611354818 0 0.837951409277745 0.734883320589565 0.152178939427169 0.557265512041168 0.894144068698349 0.697235122807642 0.136450414491138 0.941602074770014 0.885462667754753 0.495133206719426 0.674849744385278 0.510757327005964 0.571361719951354 0.959720330830449 0.802505416686743 0.843419852181129 0.888087793016472 0.266488282709657 0.998385202583676 0.94482194930183 0.928000233996618 0.953783794100593 0.958941723960958 0.502558319543052 0.601491611313728 0.352173180226615 0.97959354493103 0.959367634874798 0.993300740000584 0.442497406381147 0.982356623264626 0.842798894218398 0.842035583850271 0.830083350651524 0.553808589559418 0.261782456031066 0.589640254222652 0.800357101187596 0.665957831782628 0.737781262103172 0.448870799466847 0.792489561977279 0.594784241176755 0.794044014911279 0.994124934207161 0.965852263786705 0.932248397490755 0.703321605073651 0.7123264715984 0.702258798869862 0.998532002348796 0.851436106667746 0.363978428160831 0.202497725744572 0.37342497793903 0.485570305054725 0.354622044312046 0.83566629822804
U152 0.818429555870619 0.833718658417454 0.36875 0.608035714285714 0.411524936061381 0.85751404494382 0.83256195335277 0.372884241245136 0.809094603381014 0.897487113402062 0.846258201202843 0.721572580645161 0.343425391591096 0.983333333333333 0.847441469633751 0.637132352941177 0.785348360655738 0.588362590799032 0.821012611275964 0.540576572470374 0.67328431372549 0.837951409277745 0 0.31398381294964 0.827642387732749 0.823103360488798 0.813352908277405 0.661510942760943 0.815140254805543 0.702083333333333 0.794905761024182 0.424724041727317 0.431775210084034 0.843720565149137 0.291291603630862 0.718882978723404 0.469497566063978 0.640237603305785 0.79577301410542 0.572213676061929 0.883333333333333 0.703213276836158 0.277020676691729 0.79133337361044 0.827017716535433 0.378919294990724 0.299139908256881 0.488194444444444 0.849671052631579 0.783818493150685 0.994475138121547 0.836281948881789 0.952312562898356 0.368047752808989 0.77386862917399 0.291655346999259 0.586631484286255 0.818789001560062 0.5 0.837235342019544 0.282757641470467 0.520421732522796 0.816722972972973 0.469398817345598 0.590636200716846 0.230167189354128 0.260804851157663 0.948570261437909 0.868460388639761 0.274774096385542 0.453891509433962 0.519628836545325 0.98125 0.708261494252874 0.482911605937922 0.839637305699482 0.486766759776536 0.392930327868852 0.81234756097561 0.367335972850679
U155 0.741106761792913 0.760867502676465 0.344070645123246 0.551791220085156 0.305185008003827 0.899765580793792 0.597667638483965 0.391932368502086 0.813546042229935 0.595101238596751 0.623511688189088 0.528225806451613 0.347218680125973 0.954736211031175 0.771767009202096 0.487243818390666 0.614105436961906 0.351603462992318 0.526812970988195 0.296665857833332 0.402877697841727 0.734883320589565 0.31398381294964 0 0.713843602007769 0.6734018080851 0.663757584536398 0.380253373059128 0.733627224282264 0.558884892086331 0.499283645629727 0.376031052886948 0.231551603314342 0.768311253665827 0.279869175763776 0.586285014541558 0.327538247566064 0.391922825376063 0.522844530611591 0.484588351549804 0.654676258992806 0.520861277080031 0.367609671661167 0.574438177828931 0.593723446439699 0.265233379159381 0.29910016940576 0.393911537436717 0.5676511422441 0.568057882461154 0.994475138121547 0.760607488450134 0.650828749948716 0.167912860722658 0.543057996485062 0.324583652416175 0.390098447557743 0.726708492800144 0.5 0.728317671595623 0.204369589829995 0.410334346504559 0.720753571152704 0.299126007997807 0.364070034295145 0.246529509736845 0.515941161073346 0.947712418300654 0.868460388639761 0.320685620178556 0.424528301886793 0.516059957173448 0.697841726618705 0.428719093690565 0.389438246973272 0.761937600178924 0.39510067923315 0.305165703502772 0.739752588173364 0.260563494905433
U16 0.166945054594237 0.228116396791096 0.781267394466091 0.468231792795353 0.537868750052523 0.807438128407399 0.850216663100853 0.923634403194668 0.767836922818357 0.932281139553528 0.980862063493299 0.844981097410168 0.843657926316673 0.982238043081417 0.204320125361733 0.890882092157783 0.990707988436608 0.470919778608159 0.899886570831478 0.577957208797068 0.425627644266907 0.152178939427169 0.827642387732749 0.713843602007769 0 0.55253935571949 0.885484586301276 0.677254472435195 0.145728441461216 0.938380795910916 0.878337090765753 0.494891036954487 0.682522167344639 0.395489765541401 0.567709650319059 0.960606837407658 0.796208223969338 0.835059245245445 0.888325116623611 0.288778775283747 0.998904709748083 0.944771381365214 0.927949666060002 0.93178416905903 0.959534631007926 0.496935422580861 0.56890447528228 0.352269684799805 0.980265559847044 0.945298003971052 0.99337984786963 0.338924970868079 0.982802730546473 0.82877782837171 0.840299366502598 0.821426571595437 0.556900141960565 0.334796568204459 0.58864119579924 0.807799750973096 0.663937715489648 0.730085858770811 0.557690490682734 0.785587937702308 0.58073741692086 0.783045139611599 0.994509057579421 0.966224971185992 0.933134904067964 0.700255567725447 0.69270908677592 0.688546672577012 0.998904709748083 0.839584041495134 0.445578042756229 0.119552633520422 0.373809101311289 0.495331549745929 0.238196243955868 0.822543154931532
U160 0.624788310999958 0.569980919991962 0.758346966712297 0.661611633306217 0.426115084305218 0.90755699977879 0.85131195335277 0.919868924691133 0.812571673742449 0.931701030927835 0.981957353745216 0.842700873792786 0.837277927677586 0.983333333333333 0.68342827359792 0.884010223233896 0.991803278688524 0.349765512888161 0.898003831579711 0.538101506237155 0.441316241364163 0.557265512041168 0.823103360488798 0.6734018080851 0.55253935571949 0 0.343625983588258 0.641979880269086 0.578965864779259 0.94 0.820348057350951 0.491706614253062 0.64613197334239 0.754956032232727 0.551006159278511 0.961702127659574 0.700426877112079 0.524078032687549 0.887537667623761 0.30097127412116 1 0.939429505103156 0.920424789060227 0.743963109779806 0.960629921259842 0.489441486648353 0.54434250764526 0.351851851851852 0.982456140350877 0.943415264719285 0.994475138121547 0.72313138082937 0.98389802079839 0.673665301265475 0.840070298769771 0.799832399340261 0.37132913456993 0.44519923363126 0.581897687792021 0.285961641799956 0.660556687033265 0.725409962919171 0.48549190878237 0.78304888786595 0.444272897823913 0.760325860977047 0.99372160857957 0.967320261437908 0.93423019431988 0.69268520108949 0.679245283018868 0.614075485796441 1 0.823986937284922 0.346828609986505 0.641376381077003 0.373021652311438 0.446746352375547 0.706114947096518 0.598630553584429
U163 0.917717318271664 0.910676262095361 0.741596985366927 0.713679143757215 0.418802245146673 0.977628635346756 0.85131195335277 0.915759190104371 0.81570824714976 0.931701030927835 0.981957353745216 0.840062784152414 0.83676834295136 0.983333333333333 0.959790661277626 0.881516364935236 0.991803278688525 0.417043133941098 0.902077151335312 0.533306822144592 0.494143966311357 0.894144068698349 0.813352908277405 0.663757584536398 0.885484586301276 0.343625983588258 0 0.616342394865885 0.907886381069245 0.94 0.819345661450925 0.49102377486657 0.638370292818895 0.955885916576233 0.543309405111231 0.961702127659574 0.700127258527722 0.495895501691719 0.888641425389755 0.6393290189193 1 0.936791415462784 0.91219659887975 0.568876555263975 0.960629921259842 0.481196847256291 0.54434250764526 0.556102411135968 0.982456140350877 0.947488584474886 0.994475138121547 0.948952369720751 0.98389802079839 0.66635246210693 0.84182776801406 0.791671155857524 0.347289812092396 0.782355589525594 0.570588235294118 0.364740688921438 0.654069952790045 0.724924012158055 0.823532919699142 0.780410798225577 0.395744629669722 0.742992119773078 0.991083518939198 0.967320261437909 0.93423019431988 0.686252841343001 0.679245283018868 0.604419661890596 1 0.810325541927023 0.569432745518934 0.951133637027506 0.582649069526202 0.471650713316463 0.924373874611229 0.582131252087825
U164 0.69139947065365 0.710340132026879 0.375545068168019 0.70172080376162 0.393181602900273 0.949078803011387 0.837843939884756 0.748739011384926 0.817945383615085 0.914367038078378 0.956748089607576 0.780886825241664 0.713781119799257 0.97996632996633 0.731857284013056 0.835243188184365 0.964867251752498 0.315348806874231 0.858935547362847 0.253938964239785 0.480095068330362 0.697235122807642 0.661510942760943 0.380253373059128 0.677254472435195 0.641979880269086 0.616342394865885 0 0.683017027675052 0.906363636363636 0.804455172876225 0.452957522826518 0.572714560287054 0.784754927612071 0.389962153048386 0.933877784941615 0.620601003076664 0.231098867462504 0.854386477994496 0.438680840427565 0.986531986531986 0.873651771956857 0.718310928837245 0.405613245390916 0.937060897690819 0.30268673125816 0.487103450406203 0.377777777777778 0.925837320574163 0.907937825746045 0.994475138121547 0.740981433074085 0.970430007330376 0.380963189951954 0.805808524613446 0.626248489671557 0.302830144178118 0.683097222878814 0.557120221826104 0.694041391109795 0.559861314508155 0.611453951879484 0.677081814068116 0.47686235991098 0.249755620723363 0.578218187982555 0.865583434491924 0.953852247969895 0.90392716401685 0.414141414141414 0.652309256082841 0.516059957173447 0.986531986531986 0.77528155114362 0.340673945937104 0.713281345405698 0.348531873671538 0.419053927250648 0.717385234458405 0.382512911924677
