U0 U1 U10 U100 U104 U105 U106 U107 U109 U11 U110 U114 U12 U120 U123 U125 U128 U132 U133 U135 U136 U138 U14 U140 U142 U143 U144 U145 U16 U161 U162 U17 U174 U176 U199 U20 U200 U203 U204 U207 U209 U21 U213 U215 U216 U218 U220 U228 U24 U259 U26 U28 U283 U286 U29 U293 U3 U31 U318 U319 U32 U321 U36 U365 U37 U39 U4 U42 U44 U55 U58 U66 U7 U70 U71 U72 U73 U74 U75 U8 U87 U89 U9 U92
U0 0 0.190173672244919 0.10471327572663 0.148684210526316 0.122488038277512 0.234697855750487 0.182589752527013 0.0548748921484038 0.305842800834686 0.164390594771566 0.242430819316332 0.24568345323741 0.120659858601728 0.190447216306663 0.11945400885391 0.245901639344262 0.284412955465587 0.133992971299473 0.170738773539353 0.103907496012759 0.163157894736842 0.13618201020947 0.130275454992622 0.158257169870785 0.116074825618263 0.398778464786608 0.158875128998968 0.174561403508772 0.244141462252917 0.171278875922839 0.384025203854707 0.151913875598086 0.254760948171957 0.137012495266944 0.17560255779636 0.190885033813584 0.383109421723931 0.261790302527973 0.42583239805462 0.277397809243922 0.163648528099911 0.212995451591943 0.116397888872599 0.159566145092461 0.142005329780147 0.192847050512187 0.15968045112782 0.249822590183323 0.0876415722851432 0.195590327169275 0.174582924435721 0.166536904391155 0.224041034790366 0.257918907486857 0.128872180451128 0.263117200217037 0.235818903565807 0.12638326585695 0.119076732234627 0.162529845323368 0.0908788962698007 0.114499484004128 0.382738847948371 0.215893547427892 0.304014272970562 0.0922094841063054 0.200597508263412 0.203744939271255 0.335067783094099 0.15223656392567 0.421527178602243 0.300877192982456 0.226851039389927 0.155278729367798 0.411961722488038 0.54328399122807 0.223715651135006 0.114756281949744 0.152138157894737 0.329059949338587 0.101754385964912 0.480028559771522 0.10359206621896 0.193126309534978
U1 0.190173672244919 0 0.27379503909488 0.1186988256611 0.213934571437007 0.343675195169187 0.312377803922749 0.195674204065261 0.41663764624077 0.257943583651252 0.337391139846583 0.27231290641407 0.180042463874198 0.114366011035037 0.222344310114038 0.313792534301641 0.384428011092512 0.121424636144847 0.251168763836704 0.2155621659925 0.231217678067305 0.112502321802349 0.315444084588697 0.221552996637449 0.162157561718129 0.35175525861018 0.133140509413112 0.257762925230148 0.341941248480805 0.242839024834707 0.501349441239839 0.25942110287677 0.37235867697701 0.195067070734449 0.203455424597742 0.233477458581379 0.490921376745535 0.359304969145827 0.507107692954469 0.272894983703259 0.245213612167719 0.284938993339989 0.163818879081133 0.221171317468817 0.196578701781361 0.225687761432174 0.11228947246323 0.364924041440567 0.126625445545776 0.270975790665625 0.144058758865734 0.204892466815669 0.278317855786327 0.345329961977158 0.191089871479608 0.379948721468679 0.296342746062966 0.171547746937484 0.180707147254728 0.187688694746431 0.199850537780202 0.159823981557547 0.492246834463787 0.188202200802594 0.443843202448517 0.124717424649253 0.156495693909027 0.357855322657206 0.391778494591908 0.207900893112794 0.499207215457435 0.377577591266246 0.270723725565268 0.201815697481123 0.467145472260769 0.565194665475804 0.189218494163194 0.176438154587651 0.187264026469633 0.440270731694609 0.161199523654866 0.579393792910715 0.157510001223951 0.144490006381759
U10 0.10471327572663 0.27379503909488 0 0.213046609059963 0.115603799185889 0.286726091763405 0.142927745379065 0.104844629312454 0.336958379906634 0.252493423551423 0.262309586090168 0.229840008590143 0.126865671641791 0.198472953153309 0.161319570372437 0.232175189625642 0.25947187141217 0.189912915549439 0.226345337532521 0.137211668928087 0.161595866819747 0.178879848250387 0.124354861207979 0.158101707033694 0.157885272433016 0.391117478510029 0.227022780832679 0.253556777515929 0.222698723576687 0.248497332342811 0.389005675846122 0.199909543193125 0.207872849492993 0.184473316868893 0.247872785604687 0.25362711581756 0.380652642040749 0.285732753555059 0.389151325303896 0.273657095234487 0.239375158107766 0.235581352496775 0.138839230033676 0.166095199677289 0.188267523143775 0.201692877892417 0.241684434968017 0.32819050813349 0.160400529000567 0.24684852763211 0.241303297057402 0.251965026936324 0.235137869972173 0.327210103329506 0.164904051172708 0.281639482997384 0.320793626147546 0.131505931879066 0.159178853208704 0.237628425917749 0.122228662512679 0.156950541410594 0.355865659276113 0.206003878910532 0.267518340500885 0.172528446874538 0.233434277885933 0.239380022962112 0.383593396653098 0.199220598908207 0.408686077807683 0.279610718338134 0.316147362611013 0.234964232093968 0.421048168249661 0.516635572139303 0.306056337190987 0.15983012434408 0.202658582089552 0.31147737249581 0.153192371475954 0.442265417100544 0.190641746755835 0.272102056562109
U100 0.148684210526316 0.1186988256611 0.213046609059963 0 0.180502392344498 0.241593567251462 0.290243406529569 0.132981018119068 0.308070561867223 0.15089000777155 0.237068185928739 0.271551180108545 0.143034825870647 0.170114592840483 0.189805705853419 0.299928098935864 0.336875843454791 0.138844727080021 0.159262835989055 0.187998405103668 0.154385964912281 0.113418999002523 0.265699294966388 0.208123227229751 0.121776580004227 0.404130850047755 0.100232198142415 0.154239766081871 0.244879733269826 0.137364054933714 0.393316036570299 0.162878787878788 0.347545868488014 0.118405275779377 0.107620101656009 0.192639419778497 0.385731338035332 0.253215223097113 0.421389824167602 0.288226912458812 0.142358013678263 0.243339831059129 0.138078483115868 0.19327880512091 0.143210082167444 0.20118038384552 0.112781954887218 0.258155923516657 0.106179213857428 0.189515173067805 0.186455158996608 0.0916381189660542 0.233534046981861 0.239392611839588 0.130877192982456 0.273761077952614 0.194496726210846 0.144736842105263 0.165802764486975 0.0909763313609468 0.108925225685573 0.12827657378741 0.382543714298173 0.230188819506393 0.407708890871246 0.0629233976029181 0.188310450038139 0.308367071524966 0.338118022328549 0.158599458477059 0.416702617198735 0.355263157894737 0.178647968815643 0.122573445447939 0.422049441786284 0.588815789473684 0.111236873545872 0.158653730770154 0.160224780701754 0.422799981236514 0.12390350877193 0.557935536515708 0.0703446301212973 0.141941864465084
U104 0.122488038277512 0.213934571437007 0.115603799185889 0.180502392344498 0 0.344486531986532 0.139373871161951 0.112891207153502 0.404365238285943 0.254948162111216 0.317994376757263 0.140712884238064 0.105970149253731 0.135286389910667 0.0800339847068819 0.174813710879285 0.20541958041958 0.119142939731175 0.25650542118432 0.0643939393939395 0.197202797202797 0.111249619945272 0.137468139337298 0.0930048992923245 0.0923329682365828 0.29615785360771 0.146556900272071 0.272248803827751 0.306355409296586 0.242348827642945 0.488924455825864 0.231818181818182 0.195975017349063 0.19404839764552 0.227994902293968 0.195251396648045 0.478399114551177 0.34201861130995 0.479854096520763 0.174526995846793 0.204776579352851 0.134287317620651 0.0618890858445176 0.0615479115479116 0.162543153049482 0.101677852348993 0.156493506493506 0.347191011235955 0.111910241657077 0.237070024570025 0.156204835400125 0.221382463690156 0.244607087827427 0.360562571756602 0.13961038961039 0.365674789128397 0.30989675690586 0.0561771561771562 0.0882154882154882 0.198224852071006 0.175507502206531 0.0842245989304813 0.460296000602546 0.113764766307139 0.264252696456086 0.148514851485149 0.133794466403162 0.197202797202797 0.356060606060606 0.17061310782241 0.465201192250373 0.225066454013822 0.307524318664058 0.211000537923615 0.427272727272727 0.467897727272727 0.259934470149524 0.126464370103221 0.110653409090909 0.261229946524064 0.128787878787879 0.433474277660324 0.156743997841921 0.185710041592395
U105 0.234697855750487 0.343675195169187 0.286726091763405 0.241593567251462 0.344486531986532 0 0.396185921020358 0.24605343047966 0.126643824441181 0.112915401263658 0.0511407025582283 0.468725019984013 0.344423714759536 0.399633376150717 0.333008826583593 0.469975713418336 0.504451566951567 0.342942206912795 0.134641522256201 0.335016835016835 0.164280626780627 0.336608138238573 0.354383004499827 0.376885118651586 0.312472110664882 0.614778998195904 0.270424836601307 0.16703216374269 0.143340455840456 0.138522289257583 0.171850547730829 0.175925925925926 0.471232683064744 0.177208233413269 0.221400138456213 0.208540244154769 0.165142500874239 0.0758785360163313 0.236625514403292 0.49432459108855 0.207352479598242 0.434413580246914 0.340335809346951 0.377752752752753 0.266174402250352 0.405869376087497 0.321097883597884 0.130461922596754 0.301394749179559 0.141203703703704 0.396480754552393 0.24450745123822 0.137633396107972 0.0930311051579708 0.232169312169312 0.0548396334478809 0.232366469200019 0.344195156695157 0.332281144781145 0.177350427350427 0.214738403451996 0.328976034858388 0.159952361226181 0.437303829252982 0.522167294413057 0.267601760176018 0.419384057971014 0.425213675213675 0.270622895622896 0.241660793986375 0.263008500303582 0.523148148148148 0.088804267286383 0.177596975673899 0.289983164983165 0.764467592592593 0.168259657506969 0.31833928661904 0.367766203703704 0.553822539116657 0.25462962962963 0.697405254091301 0.2060322562919 0.331563180827887
U106 0.182589752527013 0.312377803922749 0.142927745379065 0.290243406529569 0.139373871161951 0.396185921020358 0 0.177939420258387 0.442121539224553 0.331116465161568 0.367071755308254 0.162918671685168 0.207373727389542 0.242238640278682 0.12025747354088 0.150732819454999 0.199503311258278 0.217569146864044 0.313961966097576 0.143638370459563 0.250101884870097 0.219561895058584 0.162313548307235 0.166276718087005 0.200630335913189 0.306552306495379 0.233127618422761 0.344041671507687 0.288094453267807 0.32651104252195 0.47341665889376 0.24287577764399 0.149436327789293 0.259397779789414 0.333323017886984 0.29023456287691 0.49136505895762 0.378761015800177 0.469760147464342 0.214593068208559 0.285189134583006 0.216253781375194 0.175450570938405 0.148894755682835 0.213722860256518 0.200386683852616 0.248462630085147 0.410707641937644 0.210495431301869 0.281143726507965 0.257767971456239 0.33079274266233 0.302559209787855 0.426737935386744 0.185127719962157 0.376092373864955 0.398375804131968 0.16838597384955 0.163388855441836 0.287961910733179 0.201215199639941 0.179132580184392 0.4385922077067 0.181707636472481 0.219497137725895 0.248934496098616 0.254534984163547 0.218415690269995 0.294902669074855 0.189371770998138 0.415372923678211 0.25355330932187 0.396563076509237 0.27873349269172 0.348359422034919 0.381432809050773 0.370806860410221 0.146433715947491 0.224389486754967 0.224935368488154 0.179497792494481 0.31718774064377 0.269666122978364 0.27569422310365
U107 0.0548748921484038 0.195674204065261 0.104844629312454 0.132981018119068 0.112891207153502 0.24605343047966 0.177939420258387 0 0.328648804795263 0.171232418122917 0.244591853980057 0.239513307386877 0.10068509909469 0.170946650241637 0.134926714672387 0.241530054644809 0.278320722992854 0.138175784270288 0.162330174963654 0.109910581222057 0.152480033627575 0.144726501818448 0.157703896634493 0.147802755145447 0.0819013759957864 0.393317362644245 0.14819232265814 0.186751030581919 0.22134856464654 0.172563855302525 0.407180789655969 0.153874813710879 0.24569307137196 0.110940755592248 0.187681936571166 0.211939432792991 0.404202092560359 0.261456047502259 0.414484860750799 0.270394718593104 0.15870149115495 0.217769682250557 0.111055299328736 0.152174715699306 0.157397800373521 0.187112626985 0.163436768149883 0.271781175170381 0.0997094832952895 0.190204548811106 0.167267276929595 0.169916254405536 0.23626933407428 0.269578965199225 0.125027322404372 0.284540307588305 0.238902271774428 0.118064312736444 0.103217972070431 0.160021987260323 0.0901374078200435 0.129026036644166 0.371299477999466 0.208391219783273 0.297351116050755 0.0950062219336688 0.21240199572345 0.222992854140395 0.358513412816692 0.174008479765247 0.420765027322404 0.295081967213115 0.236899076885362 0.153037798687231 0.413437655240934 0.540642076502732 0.221918639951427 0.121900532992457 0.177083333333333 0.324070015487566 0.103825136612022 0.470580759944084 0.108608584261647 0.192075041641098
U109 0.305842800834686 0.41663764624077 0.336958379906634 0.308070561867223 0.404365238285943 0.126643824441181 0.442121539224553 0.328648804795263 0 0.194697878736293 0.106185567010309 0.511908534846132 0.401111184167269 0.473097196404472 0.409773971756762 0.520733732938543 0.550457472043375 0.403237080044543 0.201446873863315 0.379648912027767 0.231396136902745 0.404794248080975 0.396492239285273 0.421398612466697 0.362862905365957 0.68363227850498 0.319246418715875 0.231694875956411 0.185911057069388 0.19865648733231 0.192169758639945 0.221619276465091 0.516124693143222 0.244566285297753 0.289983119930833 0.273809465213004 0.0867337906697246 0.119469978147005 0.137901943237234 0.562342628412979 0.252930635406556 0.494099091749606 0.389702183009584 0.442918799857126 0.310790163385937 0.475753185702037 0.389852108244179 0.0844082561995743 0.370590531422517 0.186150136921062 0.440984726323207 0.300868023877173 0.18106473530949 0.173255713975025 0.306758967904342 0.12904309914165 0.31192616228334 0.410507737490116 0.377549355522924 0.246951489716654 0.294709379410633 0.393521637729982 0.0949819153323673 0.496831678239877 0.567960875083999 0.33179221005801 0.484049458383877 0.491773974923755 0.172266720064077 0.286980655856796 0.153650610240485 0.575608625086947 0.149307826560712 0.248833511456351 0.179455346415699 0.811251835535977 0.234174390391528 0.360201763319814 0.431415198237885 0.595443944498104 0.303212187958884 0.74029300276611 0.274453260826939 0.381885190332975
U11 0.164390594771566 0.257943583651252 0.252493423551423 0.15089000777155 0.254948162111216 0.112915401263658 0.331116465161568 0.171232418122917 0.194697878736293 0 0.141371202036593 0.382135761701666 0.249616666901121 0.308848125609497 0.255842222554987 0.386091067814156 0.4206662799971 0.258513655863548 0.0948992209184688 0.255854968154685 0.111099833248749 0.250243507261087 0.287200401666564 0.299412485114596 0.231425229665126 0.531041969920792 0.185583921549174 0.0895188804559309 0.114862184995799 0.047419620353035 0.255253481302518 0.124503755747865 0.399759696671007 0.0899043253615768 0.146115021096303 0.146401887120299 0.250351273961373 0.162273000512071 0.325222412980293 0.408493089078879 0.123124970047445 0.327445573125749 0.249449329087238 0.287900883918792 0.190171679452153 0.321698536900101 0.229495422108523 0.15759459488081 0.214432288621911 0.114622869806659 0.304574072823701 0.150628245096454 0.180577964504225 0.117734390470615 0.176857412144877 0.135718588765704 0.142700350161599 0.257401097174895 0.247193899408791 0.0804161159413823 0.167418537192427 0.241695773502615 0.252734793191148 0.343424016358089 0.449959264524992 0.182944354755928 0.319118323339116 0.334327194953962 0.287819881186988 0.164002207817827 0.340520078490753 0.44894753377317 0.0891164860456672 0.0830186995633236 0.36564990146517 0.68848177819667 0.0819662101269025 0.236237914055217 0.287921182846371 0.47367784402768 0.168937846894963 0.629740847087361 0.121337297270086 0.246537560558739
U110 0.242430819316332 0.337391139846583 0.262309586090168 0.237068185928739 0.317994376757263 0.0511407025582283 0.367071755308254 0.244591853980057 0.106185567010309 0.141371202036593 0 0.430560706074316 0.320010770887829 0.391395030093558 0.32558531650448 0.435719114416089 0.467089611419508 0.324922557487749 0.121086730350894 0.304279912527335 0.140800951625694 0.333387925387029 0.314962905867617 0.345777517130687 0.280958887094771 0.600456384958497 0.236054812592427 0.170932055223971 0.112329150534123 0.132049727107338 0.175475533614055 0.145657606997813 0.44211851735264 0.166932433434695 0.225407071972252 0.187395611357484 0.17216213077773 0.0522769705333225 0.216660688596542 0.477759171071223 0.168879958063952 0.422107674684994 0.303484765815697 0.357585678461967 0.234960198355735 0.390749325399571 0.312555228276878 0.131935595968956 0.288007307842881 0.104712315408192 0.357587284886133 0.242039285060697 0.0963218591647737 0.122930154935079 0.222488954344624 0.0811855670103093 0.25675108030691 0.328542162305049 0.291757784025825 0.171562048841985 0.234686217595836 0.313796240145543 0.161617369468479 0.408337701671617 0.489428621352438 0.276487700316423 0.410192240649435 0.416137985725615 0.256814276788504 0.212560754996622 0.239192158188271 0.496563573883162 0.0857968519045134 0.17153663148905 0.27788191190253 0.733489046391753 0.162811464607274 0.282602563921757 0.37475837628866 0.519157616186118 0.219286941580756 0.667106209542076 0.190882253969225 0.300022664485976
U114 0.24568345323741 0.27231290641407 0.229840008590143 0.271551180108545 0.140712884238064 0.468725019984013 0.162918671685168 0.239513307386877 0.511908534846132 0.382135761701666 0.430560706074316 0 0.179990336089337 0.212386160435813 0.153566866133262 0.0790954121948343 0.190370780298838 0.176656449085565 0.375849778892482 0.152877697841727 0.316906474820144 0.208879718967301 0.190126403550057 0.135624434584069 0.167764583513912 0.224768609181423 0.200924709149089 0.404571079978123 0.37803151144243 0.360029623360135 0.571233154321613 0.321342925659472 0.145230380581031 0.327338129496403 0.358434747529079 0.284906153289659 0.583223896284662 0.454452500991333 0.564774443071805 0.0802870394040098 0.295573710523107 0.148436806110667 0.153874671850263 0.119847365350962 0.227961934250068 0.106223745835546 0.203905447070915 0.453095950206127 0.240825061469811 0.331931751895781 0.214168214005832 0.345185390149419 0.355993171564443 0.483494949161222 0.254994861253854 0.453914188237039 0.437687301394255 0.154584025087622 0.148935397136836 0.330442155151618 0.278183278619823 0.166899421639159 0.545601795282912 0.138123399585416 0.256005365199366 0.272615570909609 0.168465227817746 0.220669618151633 0.408995530848049 0.232569546899478 0.532126430003538 0.171873027893475 0.43576045498854 0.343440040866715 0.46979234793983 0.338466726618705 0.369318165539253 0.18134712476257 0.143322841726619 0.202794983264725 0.237759792166267 0.32319725614857 0.277997779817689 0.229412192171397
U12 0.120659858601728 0.180042463874198 0.126865671641791 0.143034825870647 0.105970149253731 0.344423714759536 0.207373727389542 0.10068509909469 0.401111184167269 0.249616666901121 0.320010770887829 0.179990336089337 0 0.149900785091882 0.103291951457665 0.227330560313188 0.248421354764638 0.122653821512469 0.256949198959332 0.110018091361375 0.186854190585534 0.137972345629711 0.179662435486121 0.123603539190276 0.0650062938320446 0.329683958431339 0.134890562666543 0.276075761543161 0.246775173904235 0.24295941108935 0.461109943241539 0.211216644052465 0.261364931069842 0.178406528508536 0.214186078951039 0.175727507712832 0.475222446653596 0.34395346104125 0.458691391527212 0.207099022653231 0.175499620541361 0.183066150727842 0.108780609487382 0.114108511496571 0.12299263177782 0.158319142542322 0.150346481876333 0.340600368941808 0.128754959380314 0.218485276321097 0.148704465894277 0.21058906650181 0.237667594232229 0.366819747416762 0.131130063965885 0.347072626557932 0.310893516811262 0.0954841178721776 0.0889743203176039 0.200727133562954 0.161643240110129 0.10787240269242 0.424699204886916 0.127751075132811 0.323551732861118 0.118737993202305 0.204520873891412 0.223593570608496 0.313093622795115 0.133918147108012 0.405725471005628 0.281050885921271 0.294166481928038 0.19283758721187 0.367028493894166 0.480527052238806 0.224240208753128 0.0835392122833166 0.189132462686567 0.337736451432676 0.108312603648425 0.490743954645378 0.150205943575889 0.178984755367547
U120 0.190447216306663 0.114366011035037 0.198472953153309 0.170114592840483 0.135286389910667 0.399633376150717 0.242238640278682 0.170946650241637 0.473097196404472 0.308848125609497 0.391395030093558 0.212386160435813 0.149900785091882 0 0.144589703419588 0.249976310054013 0.288072476656292 0.0792431329663564 0.299146205653073 0.144377299001576 0.262916851934193 0.0873431670114254 0.211495867322133 0.150150565920183 0.149035448150985 0.323119731023403 0.173419352529573 0.305225974377176 0.370099129024665 0.296210080297126 0.556053081494749 0.304081275179541 0.301504655164806 0.243356759678962 0.249473286154179 0.246706171085349 0.548898842494406 0.416763005780347 0.555520955649408 0.207446964584373 0.286102674635054 0.198922429172911 0.103949635306809 0.14806280268708 0.213763078949294 0.153198587888428 0.0895540875309662 0.413229849970773 0.110265603277969 0.3106448211217 0.08110354138422 0.245989670622841 0.31306946213383 0.397549823138642 0.198084227910818 0.436498122877063 0.346609715091792 0.0905587668593449 0.131858079834958 0.23958226448222 0.250743588304619 0.0874532471948317 0.536149915473802 0.1376179745926 0.359704124620359 0.162307560235792 0.0721286755466198 0.259393063583815 0.411521282186022 0.234195700790673 0.52072396474936 0.306933035865193 0.327533128798883 0.245305605910319 0.491066736731477 0.522714956647399 0.246227581301234 0.185445545337371 0.112220014450867 0.374795214985626 0.188985228002569 0.509163418022136 0.207860928629012 0.129509992821792
U123 0.11945400885391 0.222344310114038 0.161319570372437 0.189805705853419 0.0800339847068819 0.333008826583593 0.12025747354088 0.134926714672387 0.409773971756762 0.255842222554987 0.32558531650448 0.153566866133262 0.103291951457665 0.144589703419588 0 0.168208978091007 0.233734723220704 0.128760976479503 0.240675640915716 0.0688544321721892 0.219086987778577 0.120432594630075 0.196261682242991 0.0897084336000896 0.117835829298502 0.292370725437164 0.15997318750422 0.266081871345029 0.330781917367954 0.241256819046814 0.49006186652626 0.230458793542906 0.187236926589142 0.185167753647549 0.233644859813084 0.193076802589673 0.489358457734934 0.346743689749062 0.497968609598931 0.172470231035628 0.232338032631079 0.152474904811353 0.0892406216645406 0.0663677696387977 0.168697503844789 0.0882205356582826 0.177336448598131 0.364013441142497 0.120194013959541 0.26433442788583 0.182660295506865 0.23306420394846 0.255583716141296 0.349313819114349 0.149238985313752 0.369399749494171 0.304433074470628 0.0794692068056554 0.0886906447654111 0.194307729174731 0.179929226023047 0.100054975261132 0.472500754941966 0.116030413432599 0.270632029146206 0.14805218839641 0.152783421373425 0.243080517613228 0.355618096856415 0.18440655193535 0.492906388846331 0.223889162157731 0.296379814897179 0.198252502350274 0.429481733220051 0.47059968847352 0.268441288238294 0.135034583274736 0.132228387850467 0.258533659853066 0.141095534787124 0.424617836702166 0.166047311350842 0.208367345805499
U125 0.245901639344262 0.313792534301641 0.232175189625642 0.299928098935864 0.174813710879285 0.469975713418336 0.150732819454999 0.241530054644809 0.520733732938543 0.386091067814156 0.435719114416089 0.0790954121948343 0.227330560313188 0.249976310054013 0.168208978091007 0 0.226796973518285 0.216570669029685 0.379816513761468 0.16958519622454 0.319230769230769 0.232830747299742 0.196598743680098 0.145459899872386 0.217440252814537 0.258800319413782 0.205885736520665 0.406135557472917 0.38509012684519 0.375921667532082 0.591272223504964 0.329185295578738 0.189901138781129 0.328623658450289 0.384403248046576 0.310774796226761 0.59492786287837 0.463198657544856 0.580120574291795 0.0822667887159858 0.307821617115866 0.154138838291844 0.169030549340153 0.135179441736819 0.256401743100228 0.127076686104082 0.209953161592506 0.462866089519248 0.242062668603445 0.341853123615419 0.217355491561962 0.361548161800369 0.359933314809669 0.490278744988801 0.257330210772834 0.466761027547744 0.442894753672003 0.17515762925599 0.155478280068444 0.347560384130372 0.28718764921216 0.202250080360013 0.558678202289921 0.176882467352042 0.280577938316199 0.283687713033598 0.205226894749347 0.234899117276166 0.416610779930452 0.248563407617925 0.537704918032787 0.203067778736459 0.451333985956996 0.341643224367058 0.478967958271237 0.308179644808743 0.389646212403131 0.187490749254334 0.160399590163934 0.259893048128342 0.240050091074681 0.294649891981192 0.301177214574111 0.204408599008406
U128 0.284412955465587 0.384428011092512 0.25947187141217 0.336875843454791 0.20541958041958 0.504451566951567 0.199503311258278 0.278320722992854 0.550457472043375 0.4206662799971 0.467089611419508 0.190370780298838 0.248421354764638 0.288072476656292 0.233734723220704 0.226796973518285 0 0.309970037911214 0.414431898376853 0.216200466200466 0.353846153846154 0.287207357859532 0.17667145938174 0.272109626900046 0.246061167747915 0.357174344280361 0.333670715249663 0.435784975258659 0.418552036199095 0.399321266968326 0.60590465872156 0.358974358974359 0.131092190252496 0.346845600442723 0.410316319194824 0.356037816931672 0.62157719702858 0.492307692307692 0.606039022705689 0.186108941819602 0.353324641460235 0.127136752136752 0.245339618598671 0.222453222453222 0.29649464459591 0.236964377903975 0.346291208791209 0.490060501296456 0.273855890944499 0.371101871101871 0.353400769985657 0.392011834319527 0.388852672750978 0.522818599311137 0.292307692307692 0.492466296590008 0.47542596112167 0.221153846153846 0.266284641284641 0.384122287968442 0.313480209111277 0.264819004524887 0.564065387801925 0.282920469361147 0.100880052151239 0.297981721249048 0.249303232998885 0.125 0.436480186480186 0.273906326231908 0.571626733921816 0.0648335582546109 0.48426679413342 0.374260355029586 0.506555944055944 0.289863782051282 0.420158992739638 0.254656424287067 0.222355769230769 0.101090086384204 0.272970085470085 0.257826475849732 0.323099748915773 0.376136934960464
U132 0.133992971299473 0.121424636144847 0.189912915549439 0.138844727080021 0.119142939731175 0.342942206912795 0.217569146864044 0.138175784270288 0.403237080044543 0.258513655863548 0.324922557487749 0.176656449085565 0.122653821512469 0.0792431329663564 0.128760976479503 0.216570669029685 0.309970037911214 0 0.246729190064322 0.118983957219251 0.229576861929803 0.0830643746244769 0.246021722657237 0.11746618051655 0.131170149596797 0.301606679998725 0.138816835411263 0.279595384858543 0.344258285434756 0.230157759569524 0.484863073512618 0.248253601194778 0.27678733965218 0.200306527433062 0.228028468270359 0.215081578456537 0.481764611077476 0.344951992288722 0.510685968202308 0.175752342369243 0.242448330683625 0.200533867200534 0.0717281266191639 0.123608903020668 0.181079068644221 0.131368636698285 0.0639251646604587 0.344643718404459 0.111539312954056 0.274642289348172 0.0732708116533088 0.217213384634199 0.263143003422166 0.358077534548123 0.165396320690438 0.363904004064707 0.311446878684697 0.103099139863846 0.0993506875859817 0.200932571973296 0.188648957352555 0.0602013778484367 0.48104525403614 0.117638076760709 0.360647786370618 0.146130113806293 0.101195824980991 0.292329093799682 0.376490461049285 0.195945105657828 0.506283718627017 0.279902193214887 0.309160023922073 0.21429713737406 0.451736161294985 0.463400900900901 0.2382075307439 0.150146042074907 0.104282591414944 0.347593582887701 0.15158540893835 0.478093688764003 0.161058247984413 0.0923543864720335
U133 0.170738773539353 0.251168763836704 0.226345337532521 0.159262835989055 0.25650542118432 0.134641522256201 0.313961966097576 0.162330174963654 0.201446873863315 0.0948992209184688 0.121086730350894 0.375849778892482 0.256949198959332 0.299146205653073 0.240675640915716 0.379816513761468 0.414431898376853 0.246729190064322 0 0.249513483458438 0.0878263937896965 0.254610168451413 0.254565720655063 0.294786573641707 0.221620426660772 0.523014642096685 0.187453252667557 0.097752025323247 0.124496658225746 0.0677072522728216 0.280527199896627 0.100430914651098 0.390503536662231 0.0857369150551119 0.140615622052645 0.123225360053303 0.281019720895457 0.147966481254063 0.290365427980107 0.405951660224468 0.123036852744519 0.325404915618983 0.250415271779408 0.289920654599554 0.184879804900708 0.314020072655625 0.231667758846658 0.140552520358726 0.21623504819417 0.0748512273741632 0.303918214475426 0.17024048640139 0.13434924584046 0.131716154583469 0.151245085190039 0.167478482928213 0.185059034529931 0.25085274053164 0.244462978407933 0.0934983623762735 0.166829963480894 0.242345745637705 0.274849311736582 0.34836469185715 0.442932669880268 0.183531655917885 0.314718787395293 0.330539872971066 0.260286349735891 0.164594526446457 0.291382162731238 0.446483180428135 0.10839259047084 0.0746973562781608 0.302543786488741 0.684824159021407 0.107915995308715 0.232620891326447 0.292287844036697 0.468135210714811 0.166985219164118 0.617025816087049 0.113222443034873 0.242680447213637
U135 0.103907496012759 0.2155621659925 0.137211668928087 0.187998405103668 0.0643939393939395 0.335016835016835 0.143638370459563 0.109910581222057 0.379648912027767 0.255854968154685 0.304279912527335 0.152877697841727 0.110018091361375 0.144377299001576 0.0688544321721892 0.16958519622454 0.216200466200466 0.118983957219251 0.249513483458438 0 0.192832167832168 0.116866828823351 0.176578872840555 0.0944928325167846 0.100127783862724 0.34075714161674 0.14420911905432 0.266081871345029 0.300253667900727 0.239459070341423 0.458173282116944 0.212121212121212 0.17470506592644 0.200866579463702 0.250460209572359 0.21715760961571 0.450468324122457 0.317424242424242 0.466096146651702 0.220966005229965 0.199858757062147 0.150953984287318 0.0613551954081202 0.0980753480753481 0.163885692366705 0.130338621110433 0.158279220779221 0.317713653387811 0.113971998465669 0.231981981981982 0.167488179141761 0.238905325443787 0.251476630713919 0.354651567338135 0.147943722943723 0.336574507966261 0.307118650746739 0.0652680652680652 0.0664983164983164 0.206024744486283 0.153059723448073 0.0811497326203208 0.447465541914589 0.153312788906009 0.275808936825886 0.15016501650165 0.135924462011419 0.216491841491841 0.357954545454545 0.179087385482734 0.459153005464481 0.223750664540138 0.311025149953613 0.214788416711494 0.435606060606061 0.448863636363636 0.267029615147895 0.137550263234258 0.104876893939394 0.241978609625668 0.121843434343434 0.408298097251586 0.17549006384318 0.187908496732026
U136 0.163157894736842 0.231217678067305 0.161595866819747 0.154385964912281 0.197202797202797 0.164280626780627 0.250101884870097 0.152480033627575 0.231396136902745 0.111099833248749 0.140800951625694 0.316906474820144 0.186854190585534 0.262916851934193 0.219086987778577 0.319230769230769 0.353846153846154 0.229576861929803 0.0878263937896965 0.192832167832168 0 0.244648829431438 0.20039539899353 0.228212805158913 0.162187210379981 0.465329512893983 0.119504643962848 0.112573099415205 0.126923076923077 0.117420814479638 0.309154929577465 0.0743589743589743 0.322342924251321 0.0806032097399004 0.136628324946082 0.133240223463687 0.304355831347715 0.173319200484555 0.30166479610924 0.347422881686841 0.108344198174707 0.310161443494777 0.201424898221556 0.232016632016632 0.12429406037001 0.270908621579763 0.206456043956044 0.18180639585134 0.198198636806232 0.120426195426195 0.242500188721975 0.161242603550296 0.112059973924381 0.189265212399541 0.0910989010989011 0.187113402061856 0.17557267180154 0.206410256410256 0.180536130536131 0.113609467455621 0.175989544436146 0.202262443438914 0.280332674781722 0.286614515428075 0.371773142112125 0.186519421172887 0.300947603121516 0.305769230769231 0.256002331002331 0.0959342982598797 0.279886506935687 0.374358974358974 0.168231631963066 0.105917159763314 0.295804195804196 0.617668269230769 0.170676714762736 0.168110070504051 0.2859375 0.403722747840395 0.105982905982906 0.548688133571855 0.0992467473179639 0.178906714200832
U138 0.13618201020947 0.112502321802349 0.178879848250387 0.113418999002523 0.111249619945272 0.336608138238573 0.219561895058584 0.144726501818448 0.404794248080975 0.250243507261087 0.333387925387029 0.208879718967301 0.137972345629711 0.0873431670114254 0.120432594630075 0.232830747299742 0.287207357859532 0.0830643746244769 0.254610168451413 0.116866828823351 0.244648829431438 0 0.229518957271903 0.14917990106743 0.138050529878712 0.331237841515654 0.145181219821144 0.234407087953999 0.349793429077317 0.230572496557151 0.491261952988836 0.233809668592277 0.27639204472925 0.205240489882342 0.172193917419435 0.252685861624409 0.479837684335671 0.352711136860401 0.517192236999 0.215557781437278 0.24827107306842 0.188240637516 0.0722743406526863 0.120548223809093 0.205473942678125 0.12861664160176 0.0755016722408027 0.345590169478787 0.0745099699420008 0.279603181777095 0.123788486974902 0.174170311294057 0.285499688226291 0.327210103329506 0.190826564739608 0.365875943867876 0.272880414849092 0.0976867335562988 0.106043714739367 0.192350570276992 0.179368120271455 0.0678601875532822 0.484902727401196 0.161555467377133 0.341250496003628 0.0925030630153316 0.111111111111111 0.283026755852843 0.396561771561772 0.216252907860592 0.509885410384341 0.293844980343836 0.260782379579907 0.197581682531515 0.478488902401946 0.527940356744705 0.177706386215035 0.173867291335917 0.100491220735786 0.348773988160177 0.159675771088815 0.499883332037023 0.167209193850918 0.120037677582435
U14 0.130275454992622 0.315444084588697 0.124354861207979 0.265699294966388 0.137468139337298 0.354383004499827 0.162313548307235 0.157703896634493 0.396492239285273 0.287200401666564 0.314962905867617 0.190126403550057 0.179662435486121 0.211495867322133 0.196261682242991 0.196598743680098 0.17667145938174 0.246021722657237 0.254565720655063 0.176578872840555 0.20039539899353 0.229518957271903 0 0.204432256981364 0.205382276770634 0.318158691053209 0.274987220662982 0.289446357326338 0.31179430794604 0.296612678140991 0.47584572857707 0.243769470404985 0.164728543910965 0.226383379277886 0.289719626168224 0.283480394716233 0.47503208407964 0.343285009934506 0.483243651467951 0.192940841595901 0.284848724853477 0.126398984654436 0.187827037721605 0.191304622379389 0.225245474979297 0.179451797026908 0.276151535380507 0.345741888060485 0.206849639181356 0.288472467794898 0.279598837049334 0.269811425095393 0.263662284175511 0.37181454338659 0.144245660881175 0.362643318238751 0.356601606650219 0.150820752456266 0.21564555209415 0.279765525631809 0.178840395608384 0.215209822246656 0.464246722777567 0.242568245419505 0.201568192618406 0.205514944017766 0.188270350805905 0.127336448598131 0.360060889266497 0.202367074351426 0.466676880649609 0.208722741433022 0.338366483188052 0.269811425095393 0.441376380628717 0.442026869158878 0.346750931415789 0.207640282802971 0.155227803738318 0.227797491128992 0.195158359293873 0.398174309932623 0.222496464128234 0.305390352119324
U140 0.158257169870785 0.221552996637449 0.158101707033694 0.208123227229751 0.0930048992923245 0.376885118651586 0.166276718087005 0.147802755145447 0.421398612466697 0.299412485114596 0.345777517130687 0.135624434584069 0.123603539190276 0.150150565920183 0.0897084336000896 0.145459899872386 0.272109626900046 0.11746618051655 0.294786573641707 0.0944928325167846 0.228212805158913 0.14917990106743 0.204432256981364 0 0.117992929803045 0.319647238474341 0.122596911440277 0.321567391532724 0.268079226163059 0.29644782832525 0.464999578308172 0.216702957720922 0.23467568679435 0.239176323611769 0.304102076221389 0.227452915398254 0.481898799717114 0.35954076099769 0.459610520821432 0.194382807988085 0.224068811529483 0.168293043542545 0.119743799309459 0.106064897232562 0.163609489880997 0.14720893782904 0.113173652694611 0.379028459934064 0.154892746153263 0.254683201165237 0.117133740370094 0.278071076781349 0.265705876382828 0.40310882253862 0.15606501283148 0.351387431322921 0.359923196519834 0.0921618301857823 0.0663319824996472 0.26039046168019 0.189407592581827 0.115134437008336 0.428131309874038 0.127067898102101 0.32589059169796 0.19502579000415 0.199109028320171 0.247984799631506 0.314314552712756 0.148523249484118 0.416629037007951 0.24838043211822 0.367875948618071 0.254756758672005 0.367344855743059 0.402226796407186 0.30682839816186 0.0760175954520507 0.182728293413174 0.293509238208076 0.156728210246174 0.373299911804298 0.219504610956129 0.130277768882912
U142 0.116074825618263 0.162157561718129 0.157885272433016 0.121776580004227 0.0923329682365828 0.312472110664882 0.200630335913189 0.0819013759957864 0.362862905365957 0.231425229665126 0.280958887094771 0.167764583513912 0.0650062938320446 0.149035448150985 0.117835829298502 0.217440252814537 0.246061167747915 0.131170149596797 0.221620426660772 0.100127783862724 0.162187210379981 0.138050529878712 0.205382276770634 0.117992929803045 0 0.348655366451479 0.107283623658721 0.245085605580216 0.228261462138145 0.207490595867633 0.429492618360767 0.172690763052209 0.261243447070726 0.170061541128543 0.213376871973877 0.177794978797873 0.436012062162847 0.302324257660563 0.42185351957775 0.227509020854994 0.153257096181335 0.200059497248252 0.0870389636540592 0.117184956040378 0.130318743327741 0.169402441982696 0.122461273666093 0.304995261946663 0.0847186213207259 0.181414848583523 0.127156319093843 0.197048549226492 0.220032673065142 0.329257327818738 0.104061962134251 0.310178859768973 0.280519999373306 0.0995134383688601 0.0790840128189527 0.185214229699865 0.128377588021991 0.111315851641862 0.403569539134167 0.147471240895787 0.315907698590974 0.118394369557438 0.194691810721145 0.252201112140871 0.324616648411829 0.14729106701648 0.401659095397985 0.272599168604242 0.289448792441667 0.185641976188779 0.410186199342826 0.47496234939759 0.224854015824349 0.107922799268208 0.170839608433735 0.329875652341988 0.0859270414993306 0.480853647146726 0.129580637088413 0.151690541130655
U143 0.398778464786608 0.35175525861018 0.391117478510029 0.404130850047755 0.29615785360771 0.614778998195904 0.306552306495379 0.393317362644245 0.68363227850498 0.531041969920792 0.600456384958497 0.224768609181423 0.329683958431339 0.323119731023403 0.292370725437164 0.258800319413782 0.357174344280361 0.301606679998725 0.523014642096685 0.34075714161674 0.465329512893983 0.331237841515654 0.318158691053209 0.319647238474341 0.348655366451479 0 0.382685603271621 0.546674709696878 0.543453175848254 0.520232338031091 0.768775979660196 0.504753842146392 0.330005030731206 0.459586485539362 0.465361647430576 0.422131869187303 0.763479911130645 0.621519301491325 0.757610596037849 0.219350428344945 0.475984653489389 0.257508224556935 0.300907487369404 0.251064818400062 0.402578796561605 0.22541874194727 0.308186655751126 0.638308489745984 0.366435747705923 0.51575447223728 0.283494689720525 0.489683118292331 0.5324413578748 0.623608867717836 0.396774457634056 0.644846837798718 0.585806185981869 0.291611564176034 0.333555227538036 0.472824581927513 0.454224274626533 0.299713467048711 0.728593709569061 0.204879154323086 0.411539021902773 0.39063519532469 0.280483922317733 0.33692417897289 0.586290917773726 0.422663363157799 0.709136173610785 0.334623569429783 0.562563458059271 0.483765958529018 0.63553334201615 0.296494448424069 0.493303390582868 0.360855130350934 0.284339183381089 0.401437261541762 0.404130850047755 0.491192998822772 0.418844005339546 0.314765725687688
